env_data/lgm/bio17.asc
NCOLS 431 
NROWS 256 
XLLCORNER -119.999510913 
YLLCORNER 31.343939428 
CELLSIZE 0.0416666666658933 
NODATA_value -3.4e+38 
[rows 39 to 77 of 256, columns 178 to 266 of 431]
87 79 72 70 72 78 85 98 110 119 107 86 78 75 76 71 69 72 74 76 82 100 108 104 97 99 109 94 87 99 109 99 109 115 115 100 95 101 109 107 98 89 112 96 63 58 64 72 65 56 59 57 56 54 52 50 48 46 44 39 36 36 35 35 34 33 34 34 37 35 35 37 40 40 38 38 38 39 40 41 44 52 58 53 53 60 65 66 68
82 74 70 70 70 74 79 84 98 101 93 76 70 70 82 91 71 71 72 75 80 84 93 108 113 98 100 107 100 102 112 104 100 102 112 112 100 92 95 98 91 76 87 85 69 58 58 57 56 53 54 56 54 52 50 47 45 44 40 38 35 35 33 33 33 33 33 34 34 34 34 34 36 35 35 37 37 38 41 41 41 41 42 42 44 47 55 71 80
92 79 70 66 67 69 71 74 81 86 78 68 66 68 79 104 85 70 72 75 79 84 88 101 120 119 98 96 95 104 111 109 95 93 101 108 100 92 80 79 75 68 68 65 62 58 60 64 63 57 51 49 50 50 50 46 40 40 38 36 35 33 33 33 33 31 33 33 33 34 34 34 34 34 36 38 38 38 41 41 42 43 42 42 43 46 51 53 54
90 85 72 65 66 67 67 68 70 73 74 65 65 66 76 96 84 70 72 74 79 80 83 99 120 102 89 89 90 91 96 106 97 87 87 87 96 84 79 71 68 63 61 58 59 59 57 54 51 50 49 47 47 47 46 40 38 36 36 36 35 33 34 34 32 32 32 32 32 34 34 34 34 35 36 38 40 40 41 42 44 44 44 47 47 47 46 47 46
85 78 67 64 65 66 66 66 66 70 75 63 63 66 72 76 68 69 72 74 79 80 81 93 97 91 89 87 87 89 86 94 98 87 83 83 84 82 80 78 71 64 61 58 63 60 58 55 51 49 49 47 46 44 42 42 39 36 36 33 33 33 33 33 32 32 32 31 31 31 32 32 34 36 38 40 41 43 44 44 44 46 47 47 47 47 46 46 43
75 65 61 61 65 65 65 65 65 69 67 62 63 66 67 65 66 68 72 74 77 79 80 84 91 88 89 87 85 84 81 86 91 86 82 81 79 80 83 82 75 73 74 61 59 55 54 52 52 49 50 47 47 47 44 40 39 37 37 36 36 35 33 33 36 35 34 33 31 31 32 32 34 35 37 37 40 40 43 42 44 44 44 44 44 44 47 45 43
69 60 58 60 65 65 65 65 65 69 69 63 64 67 65 64 66 70 83 73 77 79 81 85 87 101 89 84 83 81 81 83 90 84 83 90 90 84 87 83 83 75 67 67 60 59 62 59 59 59 52 51 51 48 48 45 43 41 39 38 36 36 34 33 33 35 33 33 31 31 32 32 34 35 34 37 37 40 40 40 41 44 44 44 44 44 47 47 44
77 63 60 62 65 68 67 67 71 82 77 67 68 67 64 64 64 75 83 73 75 78 82 85 85 89 82 83 79 78 80 83 90 90 93 97 93 98 102 98 86 79 80 64 68 70 69 64 64 57 59 58 52 51 48 47 47 45 44 41 38 36 35 34 34 33 33 34 31 32 32 33 34 35 34 37 37 38 39 40 41 43 44 46 47 44 44 44 44
84 73 64 64 70 71 68 69 81 91 88 80 80 72 64 62 64 68 74 74 80 82 84 93 83 82 80 78 81 81 80 79 82 87 90 90 91 88 91 82 81 79 68 62 77 73 71 70 63 66 68 59 58 55 53 53 53 49 47 44 41 38 37 36 35 34 34 34 33 33 35 35 35 37 37 37 38 40 40 41 44 44 46 45 45 45 47 47 47
83 92 83 75 75 80 75 72 81 81 86 84 80 72 64 62 64 67 74 78 86 84 98 106 84 79 80 77 76 73 73 74 73 74 81 81 81 80 88 80 73 69 65 77 79 77 76 73 80 76 67 65 65 60 58 58 57 54 51 48 44 41 40 38 37 35 34 35 36 36 37 38 38 38 38 38 38 41 43 43 44 44 44 47 52 53 48 51 50
66 77 89 90 83 81 80 75 72 71 76 86 79 69 62 62 63 70 75 80 96 86 92 84 77 77 82 76 77 74 72 71 70 68 71 73 73 75 85 82 77 76 70 74 81 77 76 81 76 69 78 78 72 68 63 63 58 56 54 52 49 44 42 40 38 36 35 38 39 38 38 40 40 41 40 40 40 40 42 42 42 44 45 50 53 61 53 51 55
54 61 71 81 85 82 78 71 70 67 71 78 84 69 62 64 70 72 77 95 94 95 92 83 75 76 82 81 77 82 79 82 77 70 78 82 70 74 81 89 90 83 79 79 84 79 79 76 76 78 81 81 77 71 71 64 61 58 59 56 54 51 44 42 39 37 39 40 41 38 40 42 42 43 44 43 46 47 46 46 49 49 48 56 59 65 68 59 59
51 54 61 67 72 72 80 69 65 64 69 80 80 68 68 75 68 67 76 99 102 93 83 77 75 72 74 80 82 88 93 90 82 70 76 78 70 65 68 71 81 83 79 75 82 82 83 82 78 72 65 66 67 65 61 57 58 59 53 52 50 50 44 41 36 37 43 44 41 43 42 44 46 46 49 47 48 53 53 50 49 54 49 56 60 66 62 66 67
51 54 55 59 62 66 70 66 62 63 69 77 84 72 78 76 67 67 76 108 92 89 86 83 79 71 69 70 78 89 87 87 82 77 71 80 74 69 69 63 65 65 65 63 68 77 76 71 71 75 73 65 60 54 56 54 52 55 52 46 43 41 41 39 36 38 43 43 45 47 46 44 50 50 53 50 49 56 53 53 53 56 57 56 59 60 60 63 68
53 48 51 54 57 59 61 61 60 61 69 79 76 73 73 73 66 66 77 95 80 78 82 84 82 69 68 69 75 86 88 81 79 73 68 75 75 75 83 68 61 67 65 66 68 66 69 71 71 63 63 61 63 67 69 64 61 51 51 52 53 51 45 39 39 43 45 46 45 52 46 46 54 53 53 55 50 52 56 58 59 60 63 62 58 60 60 66 72
48 47 50 53 53 55 57 58 58 61 65 72 71 69 69 70 64 66 71 73 72 76 79 78 77 69 67 68 74 87 86 89 87 77 73 85 81 79 70 67 60 55 64 73 72 63 67 64 67 74 73 71 75 79 74 66 60 60 60 60 52 46 41 41 48 48 49 48 48 52 49 46 48 52 56 58 56 53 57 62 63 68 73 73 66 62 66 73 88
44 45 48 50 52 52 57 57 57 59 61 66 66 66 67 67 64 64 70 75 82 71 71 73 69 73 66 64 72 82 84 90 89 85 79 85 73 67 64 57 54 50 54 55 56 53 56 58 67 68 76 81 88 81 75 74 71 68 63 60 56 48 42 54 56 56 56 53 51 56 52 52 51 52 55 60 59 56 59 59 64 73 79 81 72 69 69 79 88
44 44 46 49 51 52 53 61 66 68 62 62 65 67 70 70 66 68 69 78 93 77 67 68 70 70 64 61 69 80 87 89 87 91 82 76 64 59 55 52 49 48 50 50 50 48 48 50 51 52 64 74 76 84 88 80 79 73 71 64 55 45 44 56 59 62 61 59 56 58 59 58 55 56 61 64 62 60 62 66 68 70 81 84 86 84 79 84 95
43 44 44 46 48 50 53 64 71 62 59 62 65 67 67 67 66 66 68 75 89 81 62 60 65 64 61 58 62 74 91 90 83 88 89 76 61 57 55 50 49 47 46 45 46 44 45 46 47 47 53 62 72 72 86 87 81 75 71 68 60 41 56 63 66 66 66 64 61 65 66 64 58 61 64 68 69 69 69 69 74 74 74 83 91 92 91 92 89
41 42 43 45 46 48 50 57 58 59 59 62 61 63 65 64 63 66 68 72 80 76 61 55 59 57 56 56 60 70 94 87 84 84 86 80 68 61 54 51 48 46 45 44 44 43 45 45 45 45 48 51 58 65 80 84 84 76 63 55 47 42 67 71 72 70 69 66 65 69 69 62 63 68 68 69 73 73 76 75 73 76 76 84 91 95 89 81 80
40 41 42 43 46 46 49 51 61 65 61 59 58 61 63 61 63 65 74 74 75 76 59 52 54 54 55 57 63 73 94 89 81 84 77 90 81 65 53 48 47 45 44 43 42 42 43 43 43 43 45 45 48 66 79 70 84 83 69 61 47 41 62 65 66 73 71 66 65 68 69 65 69 69 70 70 73 78 80 77 78 80 79 80 84 86 80 73 76
38 40 41 42 43 45 50 53 66 71 64 60 57 58 61 60 61 67 75 80 77 73 59 52 51 54 56 59 68 85 101 87 88 80 73 81 81 64 53 47 45 44 43 42 42 42 40 42 41 41 41 43 45 59 69 65 68 78 81 60 51 39 48 60 63 71 74 67 66 68 66 63 67 70 72 74 73 77 82 83 83 84 84 84 78 74 72 73 74
37 38 39 41 43 45 51 62 67 73 64 59 57 58 60 60 63 67 72 75 72 67 59 52 51 55 59 67 81 97 99 80 86 84 69 76 80 63 50 47 44 43 42 41 41 40 40 40 41 41 41 41 45 52 64 68 59 62 68 65 51 39 57 74 71 75 75 72 71 71 70 67 69 68 71 74 77 81 81 82 82 85 82 78 70 67 63 68 72
37 37 38 41 43 46 55 73 80 80 63 58 56 58 58 59 63 67 73 76 70 62 54 53 54 56 70 81 94 99 89 75 82 88 74 56 56 52 44 44 42 41 40 40 40 40 40 40 41 43 39 40 39 41 52 62 63 53 48 58 47 37 49 61 76 80 78 71 76 76 67 72 73 72 74 76 74 74 69 73 70 73 72 65 61 59 55 62 62
35 37 38 41 43 52 60 70 76 76 62 58 58 59 58 56 59 64 70 74 68 59 54 54 56 60 78 96 99 92 78 64 79 81 80 65 47 42 41 40 40 40 39 39 40 40 40 41 40 38 38 37 36 36 44 52 57 49 41 41 40 37 47 52 62 73 78 76 76 73 71 78 76 78 77 72 66 66 62 68 65 63 59 56 55 54 51 54 53
35 36 37 41 44 58 69 75 85 80 63 60 61 67 64 58 56 62 71 70 65 56 55 55 60 70 89 94 88 80 67 61 75 67 74 60 50 42 40 39 39 39 40 40 41 40 41 43 40 38 38 36 36 36 39 46 46 43 40 38 36 39 59 65 69 73 78 82 79 74 70 74 78 80 71 65 62 60 59 59 60 55 53 53 52 54 51 51 52
36 37 39 41 44 55 63 75 76 71 60 60 65 71 67 59 54 56 63 62 60 56 55 57 68 76 92 95 90 83 68 57 62 56 45 42 42 39 38 36 37 38 39 41 41 44 44 43 40 38 38 36 36 35 36 40 38 41 43 38 37 40 45 50 67 77 79 81 80 77 75 79 77 68 68 69 64 57 56 53 52 52 50 50 51 51 51 48 48
38 38 40 41 44 50 57 64 66 67 61 58 64 70 64 58 53 54 57 58 57 52 57 65 76 83 94 90 88 76 78 62 76 69 60 42 38 35 35 35 35 36 38 41 46 50 50 53 48 39 38 36 36 34 36 38 36 36 42 40 34 38 44 48 55 64 77 82 76 80 78 81 76 66 63 60 60 58 54 50 50 50 50 49 49 50 51 51 50
39 40 42 43 45 48 53 60 62 63 69 65 64 68 62 60 52 51 54 54 52 55 61 74 81 86 94 86 70 63 65 60 65 60 47 37 35 33 34 34 34 34 36 37 38 42 51 51 40 38 38 38 37 34 37 45 41 40 35 35 37 40 44 47 53 60 70 80 75 77 78 73 63 60 55 55 55 53 51 50 49 49 50 49 50 50 51 51 51
42 42 42 42 46 48 50 54 58 64 70 77 62 65 63 60 52 51 51 51 53 55 63 74 77 86 94 85 80 76 63 50 63 58 39 35 34 34 34 33 33 34 34 36 37 39 40 40 38 37 35 35 35 33 33 42 42 41 37 32 40 43 47 50 52 54 64 68 72 70 65 68 67 60 56 51 49 48 47 47 48 47 49 49 50 48 51 53 56
45 46 45 46 46 50 51 55 61 66 79 76 61 63 62 57 51 50 49 50 52 54 56 59 66 81 92 92 83 88 74 56 46 38 36 35 34 34 33 33 33 33 34 36 36 37 38 42 42 41 36 35 33 33 33 35 42 34 32 32 37 37 42 45 52 57 57 61 63 63 58 57 56 58 56 50 47 47 47 47 48 48 48 47 47 50 53 56 59
45 46 45 45 46 49 55 58 63 68 85 72 62 65 67 58 53 50 49 50 51 55 68 71 82 92 87 73 66 69 80 70 57 38 34 34 34 35 33 33 33 33 36 38 35 33 32 37 38 42 36 35 33 33 31 33 33 32 31 31 35 38 41 48 51 56 53 57 57 59 59 51 48 46 46 46 46 47 46 46 47 47 48 48 50 54 58 59 64
46 46 46 46 51 53 58 60 67 74 89 75 61 60 62 56 52 49 49 50 53 56 63 75 79 89 89 80 69 63 60 58 55 41 35 34 35 32 32 32 33 34 35 39 34 34 34 32 34 34 32 33 32 31 31 31 31 31 31 31 31 34 40 40 43 44 47 50 50 50 51 50 46 46 46 44 45 46 46 46 46 47 49 53 57 57 61 63 67
47 48 48 48 51 54 57 63 70 81 89 80 66 58 56 52 51 50 51 51 58 62 66 69 65 72 78 71 65 65 64 50 36 35 34 35 34 32 32 32 33 35 36 36 35 36 35 36 36 35 32 32 30 30 30 31 30 30 31 31 31 32 35 38 39 40 42 44 44 45 44 45 45 45 45 44 45 45 46 46 46 48 50 56 61 64 67 67 67
48 49 48 51 53 56 61 63 69 82 85 79 70 60 55 50 50 49 50 51 52 54 61 58 58 58 62 65 65 57 45 41 33 33 33 33 32 32 32 33 36 35 36 38 36 37 38 39 39 37 34 31 30 30 30 31 30 30 31 31 31 32 33 37 37 39 40 40 43 43 44 43 44 44 44 44 45 45 46 46 46 49 52 58 61 70 71 71 75
50 50 50 53 56 62 67 78 83 78 79 74 66 58 52 50 48 50 51 50 47 49 50 56 49 54 61 60 52 40 34 32 32 33 36 32 32 32 32 35 40 37 40 41 40 40 40 43 42 40 35 30 30 30 30 30 30 30 29 30 31 32 33 34 37 37 39 40 41 42 42 43 45 45 44 44 45 45 45 46 47 49 52 59 68 78 82 84 88
50 51 54 55 58 65 77 87 90 81 71 67 62 51 49 49 50 51 53 54 50 60 56 59 48 54 62 60 51 40 32 32 32 31 32 30 30 31 34 39 40 42 43 42 41 41 41 40 40 39 33 28 28 28 30 30 30 30 29 30 31 33 34 36 37 37 39 40 43 43 44 43 44 45 47 47 47 47 46 46 49 51 52 59 64 75 88 95 99
51 51 54 55 58 69 80 89 79 73 64 59 53 50 49 50 52 50 52 57 57 63 69 64 56 55 60 56 39 34 32 31 29 28 29 29 29 30 37 43 43 46 43 43 42 41 41 40 38 37 30 28 28 28 30 30 29 29 28 30 31 33 35 36 37 37 38 39 42 44 45 44 44 45 47 50 50 47 47 47 48 50 51 55 63 69 79 93 95
53 58 60 60 63 66 78 78 74 67 59 53 49 46 48 51 56 54 51 57 63 80 81 76 74 62 56 53 39 38 34 33 30 28 29 28 29 32 38 36 34 37 40 40 40 38 37 36 33 30 27 28 28 28 29 30 29 29 28 29 30 33 34 35 37 37 38 39 40 43 44 44 45 45 47 50 51 50 48 50 51 52 51 55 54 55 69 74 66
