env_data/lgm/bio17.asc
NCOLS 431 
NROWS 256 
XLLCORNER -119.999510913 
YLLCORNER 31.343939428 
CELLSIZE 0.0416666666658933 
NODATA_value -3.4e+38 
[rows 117 to 155 of 256, columns 178 to 266 of 431]
49 47 47 48 45 44 44 44 44 41 39 38 38 38 31 27 26 26 24 22 21 20 20 20 20 17 17 16 17 17 17 17 17 16 16 17 15 15 16 16 18 18 21 19 21 19 22 25 20 25 22 21 22 23 24 24 24 25 27 27 27 27 26 25 24 24 25 25 25 26 26 26 26 26 28 29 28 30 34 32 34 31 31 29 32 33 33 33 35
49 47 48 48 45 42 44 44 41 40 40 40 40 33 31 29 26 26 25 24 24 20 18 18 18 18 17 17 17 16 16 16 16 16 17 17 17 18 17 17 26 36 25 23 21 20 25 25 20 22 22 20 22 22 22 22 22 24 25 27 25 25 25 24 23 23 25 26 26 26 26 27 26 26 28 28 29 30 31 31 31 31 31 29 31 32 31 33 32
46 44 44 43 42 41 41 41 39 39 42 44 41 32 30 29 26 26 26 24 24 24 18 18 18 18 17 17 17 16 16 16 16 16 17 19 17 20 17 21 43 51 28 25 24 21 25 28 23 23 24 22 28 22 22 25 25 24 25 25 25 25 24 24 23 24 25 27 26 26 26 26 27 27 29 29 29 31 30 29 30 31 31 30 29 31 31 31 31
44 43 42 42 41 40 39 39 39 41 44 44 39 34 33 30 30 28 24 22 27 27 20 18 17 17 18 17 16 15 15 15 15 15 16 17 20 22 16 21 24 27 25 24 25 24 27 29 25 23 25 24 30 24 22 23 25 25 25 25 24 23 23 23 23 23 25 26 26 26 26 26 27 27 29 29 29 31 31 29 30 31 31 30 30 29 29 31 31
42 41 41 40 40 40 39 40 41 46 46 44 38 37 37 35 34 33 30 29 26 21 19 18 17 17 17 16 14 14 14 15 16 15 17 17 16 19 17 19 24 25 25 25 27 24 25 29 24 23 25 29 26 23 22 23 25 25 25 25 24 23 23 23 24 24 27 25 26 26 26 26 26 28 29 31 31 31 29 29 31 31 30 30 31 30 29 30 30
40 40 40 41 40 41 41 42 45 48 48 48 39 39 38 39 37 36 33 33 32 32 20 18 17 17 14 12 13 15 16 14 15 16 16 16 16 16 19 19 21 24 27 27 27 26 27 32 29 25 27 34 26 24 23 23 25 26 27 26 27 26 25 25 25 26 25 25 25 25 25 25 26 26 28 30 32 31 31 31 31 32 33 32 32 31 30 29 28
39 41 42 42 42 43 43 45 49 52 49 50 42 39 39 41 39 39 36 37 35 32 18 18 17 17 17 17 15 17 17 17 15 15 16 16 16 16 16 17 19 21 21 25 29 27 30 33 33 26 33 29 26 26 26 24 26 26 29 26 26 26 25 25 24 24 24 25 25 25 25 26 27 26 27 28 28 29 31 37 39 43 49 39 33 31 30 29 29
41 42 43 44 44 45 46 52 56 56 55 51 39 43 42 42 41 40 38 40 32 20 19 18 18 18 18 18 18 17 18 18 15 15 16 19 19 19 19 18 18 19 21 25 29 30 33 35 36 34 38 34 29 27 29 29 26 26 26 26 25 24 23 23 23 24 25 25 25 25 25 27 28 28 27 28 28 29 31 35 42 56 58 53 35 32 29 28 29
42 43 44 45 45 47 50 60 60 59 56 47 37 43 42 44 41 41 41 32 22 19 18 19 22 23 22 22 19 19 19 20 18 17 16 19 21 21 21 21 21 21 21 24 28 33 35 34 35 34 36 35 29 26 26 26 26 26 26 23 23 24 23 25 23 25 25 24 25 25 25 25 28 28 28 28 28 28 31 35 46 59 50 38 33 31 29 29 29
43 43 45 46 48 49 57 63 63 62 58 49 38 33 30 30 33 42 37 22 20 19 18 25 25 23 23 23 23 22 20 21 20 19 19 19 21 21 22 24 23 21 22 25 28 32 32 33 33 33 34 36 29 26 26 26 25 25 24 25 25 26 26 26 25 24 24 25 25 25 24 25 27 28 28 31 28 28 31 32 42 42 37 33 31 29 27 27 27
42 46 48 48 49 51 63 66 64 64 62 48 44 34 30 29 27 27 24 22 22 22 21 29 28 26 25 25 26 25 23 23 23 20 19 20 21 22 24 25 23 21 22 26 30 30 30 30 34 31 30 34 26 29 27 26 26 26 24 26 26 26 26 25 24 24 25 25 26 26 25 24 25 27 30 30 31 31 31 32 33 33 33 30 28 28 30 27 26
44 46 48 50 54 57 66 68 67 69 63 50 46 37 31 29 27 26 24 23 22 22 23 32 31 29 27 25 27 27 25 23 23 21 20 22 22 25 25 25 25 25 25 29 30 28 30 30 33 34 31 30 35 39 37 36 27 26 26 26 26 26 25 24 24 25 25 26 27 25 25 24 25 25 27 28 30 29 30 34 31 30 30 29 27 29 28 27 27
46 48 50 53 57 61 66 68 69 69 63 56 50 43 31 29 27 26 24 24 24 24 27 33 32 32 29 27 27 27 25 23 23 22 22 23 23 25 28 28 28 29 28 27 27 28 28 30 30 31 30 34 34 35 36 38 34 26 26 26 26 24 26 26 25 25 25 26 25 25 27 24 25 25 27 27 28 28 30 34 30 30 30 30 27 29 30 28 27
44 46 50 54 59 62 65 67 70 70 66 62 52 41 32 30 28 28 25 26 27 27 25 31 36 33 30 26 25 26 28 27 26 25 25 25 25 29 30 30 28 28 27 26 27 27 27 28 28 30 33 31 31 33 33 35 36 33 27 26 26 26 26 26 26 26 26 26 26 27 27 25 25 25 27 27 27 28 32 39 30 30 30 29 29 30 29 29 28
37 45 52 54 61 64 65 67 70 70 69 66 56 45 33 31 28 25 26 27 28 29 30 27 36 34 31 27 25 25 26 28 29 27 26 26 27 28 30 27 27 26 26 26 26 26 26 27 31 33 31 30 30 33 31 33 33 33 30 27 26 26 27 26 26 26 26 26 27 27 27 24 26 25 25 26 27 27 29 42 41 46 43 32 32 32 37 33 28
37 49 53 56 60 63 65 67 70 72 70 68 59 45 34 34 29 27 29 29 30 32 32 29 29 34 29 26 25 25 25 26 26 25 26 27 29 30 28 26 25 25 25 25 25 26 27 31 34 33 30 29 29 29 30 31 33 34 34 35 29 31 28 27 26 26 27 27 27 27 26 24 25 26 25 27 27 27 27 29 40 51 45 44 41 44 48 37 31
41 39 41 52 57 63 65 67 70 72 72 69 56 42 37 34 33 25 28 30 33 31 32 32 29 33 29 25 24 23 25 25 25 25 25 26 26 27 25 25 25 24 24 25 27 28 29 30 30 29 29 27 28 30 31 32 33 34 34 34 35 35 36 29 27 27 27 27 27 27 25 24 25 26 26 27 27 27 28 29 29 39 52 55 46 39 35 32 28
31 30 33 37 43 58 65 68 68 71 72 71 63 46 38 37 27 30 33 33 32 32 32 33 32 29 26 24 23 23 23 25 25 27 25 25 26 25 23 22 22 24 26 28 29 29 27 27 27 26 27 28 28 30 31 32 34 35 34 32 32 33 34 35 32 30 27 26 26 26 24 24 24 25 26 26 28 28 29 29 29 35 49 52 48 38 35 32 28
45 46 39 37 45 55 63 66 67 69 72 71 71 56 47 41 29 31 34 33 33 33 33 33 32 29 26 25 25 22 22 25 27 27 25 25 25 25 22 22 22 25 27 28 28 27 26 26 26 27 28 31 30 30 29 33 33 34 34 32 29 32 33 34 37 39 29 26 26 26 25 24 24 26 26 28 28 29 29 29 32 38 54 47 54 48 39 34 30
46 41 37 41 51 50 55 58 63 68 68 69 71 68 56 44 32 27 35 34 33 33 32 30 29 29 25 25 24 22 22 22 25 25 25 25 24 24 22 22 22 24 26 27 27 26 25 26 27 28 29 29 29 29 29 30 33 33 30 30 33 34 35 34 35 35 31 26 26 26 24 24 25 26 26 28 29 30 31 32 33 35 39 47 56 54 53 37 30
47 34 37 47 46 37 32 42 61 64 65 64 66 66 56 30 24 25 31 34 33 30 30 28 26 29 26 25 24 22 22 23 25 23 23 23 22 22 22 22 22 25 26 26 26 24 26 27 27 28 29 29 28 29 30 30 30 29 29 32 34 34 36 33 33 33 33 26 26 26 26 24 25 26 28 29 29 30 33 34 33 33 36 40 47 50 53 44 32
48 39 37 34 37 27 31 41 58 43 51 64 63 58 60 43 30 27 26 34 33 31 29 27 26 26 25 24 23 23 23 22 22 22 22 22 22 22 21 22 24 24 24 26 24 24 26 26 27 28 29 27 26 29 27 26 27 29 33 33 33 33 33 32 30 33 31 26 25 26 26 25 25 26 28 29 30 30 33 35 35 37 36 36 37 43 54 50 34
48 50 44 33 44 40 27 34 34 33 49 59 56 47 60 58 34 26 23 31 31 26 26 26 26 26 25 24 22 23 23 23 22 21 22 21 21 21 21 22 22 22 24 24 22 24 26 26 27 28 27 26 26 26 26 26 29 30 30 30 29 30 30 29 29 31 31 26 26 25 26 25 25 26 28 29 29 31 34 33 35 37 34 36 41 51 49 54 41
44 48 48 47 51 48 27 26 27 32 40 51 53 56 57 56 35 22 20 36 31 28 26 24 24 24 24 22 21 21 22 22 22 22 21 20 20 20 21 22 21 22 22 22 24 24 25 26 27 26 25 26 25 25 26 28 28 29 29 29 29 30 29 29 29 29 29 25 26 25 25 25 25 26 26 28 30 31 33 34 34 33 33 33 37 38 45 52 50
44 47 48 48 50 49 47 34 30 37 49 52 53 56 51 39 24 20 22 38 31 26 26 26 24 24 23 22 20 20 20 20 20 21 20 22 23 21 22 22 22 23 24 24 24 26 26 26 25 25 25 25 25 26 28 28 26 26 26 27 30 29 29 30 26 25 25 25 25 25 25 25 26 26 26 28 30 30 34 33 34 34 33 37 41 36 41 51 53
43 46 47 47 47 49 50 51 45 52 53 54 53 53 37 29 20 23 35 42 32 28 26 26 26 24 22 21 20 20 20 22 22 22 23 25 24 21 22 22 23 24 24 25 25 25 25 25 25 25 25 25 25 26 27 26 26 27 26 28 28 26 28 28 26 26 25 25 25 24 25 25 25 26 27 28 30 30 32 34 35 34 34 33 34 34 36 41 50
45 45 44 46 47 48 48 49 50 52 52 54 55 53 38 30 38 49 49 43 34 31 30 28 26 24 22 20 19 20 20 21 23 24 24 25 26 24 23 23 24 24 25 26 26 25 25 25 25 25 25 25 25 25 26 26 26 27 26 27 26 30 30 33 30 27 26 25 25 25 25 26 25 26 26 27 30 31 34 34 35 35 35 35 34 34 35 39 47
45 45 46 45 46 47 47 47 50 52 52 53 53 56 55 52 50 49 46 44 38 30 30 28 26 24 22 20 19 20 19 20 23 23 25 26 27 27 27 27 24 26 25 24 24 24 25 26 25 25 25 25 24 24 24 26 26 26 24 26 28 27 30 33 32 28 26 25 25 25 24 25 25 25 26 27 31 34 35 36 35 37 37 36 33 33 36 36 42
46 45 45 46 44 46 47 47 50 52 52 52 53 53 55 55 50 45 44 41 40 40 34 27 24 21 20 20 18 20 20 20 22 23 24 27 27 27 27 27 26 27 24 24 24 25 26 25 24 25 25 25 24 24 24 26 24 24 27 26 27 27 28 30 33 30 26 26 25 25 25 25 24 26 26 27 31 31 35 36 36 38 38 38 33 33 33 34 41
45 44 45 45 44 44 45 46 48 51 52 52 52 54 54 54 52 50 48 48 47 45 43 39 31 22 20 20 17 17 20 19 20 24 23 24 27 25 25 26 26 24 24 24 25 26 25 24 25 25 24 24 24 24 24 24 24 26 28 30 30 30 31 33 33 32 27 26 26 25 25 25 25 26 27 27 31 34 36 38 39 39 35 34 31 33 37 39 39
45 44 45 45 44 46 45 45 47 48 48 49 50 52 51 51 51 50 50 48 46 43 39 39 32 23 21 20 18 17 20 20 20 22 24 24 24 24 24 24 24 23 24 24 25 24 24 24 25 25 24 24 24 24 24 25 26 27 28 30 30 30 30 33 30 31 29 26 26 26 26 26 27 26 28 31 32 34 36 37 39 37 34 34 33 32 37 39 34
44 44 45 44 44 47 47 46 46 47 48 48 48 50 49 49 48 48 48 48 44 43 39 34 26 24 22 20 20 19 18 20 20 20 21 24 24 24 24 23 23 23 24 25 24 24 22 24 24 25 24 23 23 24 24 24 26 27 28 28 28 30 30 30 29 28 27 27 26 26 26 27 29 28 28 31 31 32 33 36 37 37 34 34 30 32 39 37 30
45 44 44 44 44 47 47 46 46 47 47 47 48 48 48 49 48 48 47 45 44 43 39 32 27 24 24 21 20 20 19 20 20 20 21 22 23 24 24 23 23 24 25 24 24 22 22 24 23 23 23 23 24 24 25 27 28 27 27 26 28 29 28 29 27 27 29 29 27 27 27 28 29 29 28 29 31 32 33 34 37 39 34 33 29 31 36 35 28
44 44 44 44 44 46 47 46 47 47 47 47 47 48 49 49 48 48 46 44 44 40 35 31 28 26 25 24 21 20 19 20 20 20 20 21 23 24 24 23 23 24 24 24 23 22 22 23 23 22 22 23 24 24 24 26 25 25 26 28 29 28 27 28 26 27 29 27 28 29 27 27 28 28 28 29 31 32 32 34 36 37 35 32 29 30 33 34 30
44 44 44 44 44 45 46 47 47 48 47 47 47 48 49 49 48 48 46 44 42 37 34 32 29 28 27 26 24 23 20 20 21 21 21 21 22 23 23 22 23 24 24 23 22 23 23 22 22 22 22 23 24 24 24 24 24 25 27 28 28 26 27 27 25 26 27 27 27 26 25 27 28 29 29 30 31 32 32 34 34 35 33 29 29 31 31 32 30
46 46 44 45 45 45 47 47 47 48 47 47 47 49 49 50 50 49 47 46 40 37 35 34 31 29 28 27 25 22 20 20 21 22 22 22 23 24 22 22 22 23 22 22 22 24 22 22 22 22 23 23 23 23 24 24 24 24 25 27 26 25 25 26 24 26 27 26 26 24 25 28 29 30 31 31 31 31 31 33 34 34 30 29 28 29 30 29 28
46 46 44 45 45 47 47 48 48 48 48 49 48 49 50 50 50 50 48 45 41 40 39 36 34 31 28 27 27 23 21 21 21 22 24 22 22 22 22 22 22 22 22 21 22 22 22 22 22 23 22 23 23 23 24 24 24 24 24 24 24 24 24 24 24 24 25 25 24 25 26 28 28 29 30 31 30 31 32 34 34 35 32 28 28 29 27 27 28
46 45 46 47 48 48 47 47 48 49 49 50 50 51 53 53 53 52 50 47 45 44 45 42 36 32 30 28 27 24 22 21 21 22 24 23 22 22 22 22 22 22 22 22 22 21 21 22 22 22 22 23 24 25 26 24 25 24 24 24 24 24 23 23 23 24 23 24 25 26 28 28 29 28 29 31 31 31 33 32 33 34 35 28 27 27 27 27 27
45 46 47 48 48 49 47 47 49 50 50 51 52 56 56 56 57 56 56 57 52 51 50 47 40 36 32 31 28 24 24 22 22 23 23 22 23 24 23 22 22 22 22 22 21 21 22 22 22 22 22 23 23 26 27 26 27 27 25 24 24 23 23 23 23 23 24 24 25 26 28 28 28 26 29 30 31 31 32 32 32 32 32 28 27 27 27 27 28
