env_data/lgm/bio12.asc
NCOLS 431 
NROWS 256 
XLLCORNER -119.999510913 
YLLCORNER 31.343939428 
CELLSIZE 0.0416666666658933 
NODATA_value -3.4e+38 
[rows 37 to 73 of 256, columns 246 to 327 of 431]
239 242 241 247 225 220 216 216 222 224 221 221 231 270 313 347 355 355 348 349 304 324 321 340 330 320 309 299 282 266 263 275 286 298 299 304 308 314 313 317 331 353 334 330 329 343 356 362 365 373 374 388 394 401 407 410 398 385 380 380 391 386 389 418 408 404 400 412 405 402 401 390 442 452 455 435 375 355 358 346 372 397
220 220 221 228 237 227 218 216 218 216 218 220 231 251 287 363 374 374 363 349 332 357 357 360 365 343 326 319 302 299 291 302 316 309 322 336 327 328 326 336 346 346 345 344 343 352 371 373 381 389 393 405 412 417 412 424 425 410 400 407 418 412 402 411 393 395 397 408 399 400 388 379 407 427 423 404 358 360 368 380 385 415
211 209 208 214 229 232 219 214 212 213 222 229 253 298 327 300 300 330 345 350 360 357 361 369 352 333 319 298 303 300 303 309 321 324 329 338 348 349 345 380 380 377 359 357 355 360 369 376 389 401 402 397 405 402 400 408 425 429 422 420 428 424 418 399 401 402 401 398 389 388 377 375 408 437 421 380 338 336 362 396 443 464
203 203 201 203 210 207 203 209 210 216 224 231 230 237 244 250 259 278 312 365 394 371 347 339 327 322 319 303 284 287 286 299 322 322 312 316 340 383 374 384 402 400 406 388 378 383 378 378 387 393 401 419 422 420 429 416 405 412 416 428 428 418 414 413 403 405 394 394 384 375 367 401 426 426 398 358 321 315 321 359 409 426
197 202 203 197 198 201 207 213 213 219 227 232 241 243 244 248 253 274 295 306 308 301 289 292 284 278 299 300 281 281 278 288 322 314 302 311 324 356 366 359 396 419 412 397 407 399 402 396 400 401 405 421 432 441 435 418 428 444 424 443 445 441 433 432 421 417 397 386 369 366 355 376 384 402 388 369 326 316 305 311 321 353
190 198 199 199 199 204 209 216 223 225 233 241 252 255 255 268 272 274 275 282 278 274 284 275 273 273 279 289 282 283 282 314 328 314 303 310 320 334 374 404 388 411 430 435 432 434 419 414 412 420 408 426 440 459 442 438 445 459 454 438 458 473 446 432 421 414 388 372 382 388 348 355 402 425 424 380 348 319 293 286 283 300
189 190 193 193 199 210 219 224 233 242 244 250 254 261 264 268 275 273 274 279 265 274 288 295 280 272 275 282 282 287 292 294 306 303 307 321 334 365 385 396 404 384 403 428 447 434 427 443 414 417 420 446 460 478 460 443 457 474 478 445 435 442 458 444 424 407 376 366 364 414 390 348 377 428 428 416 361 331 285 276 270 286
188 190 192 193 198 205 216 216 221 234 239 240 246 251 255 256 261 264 274 271 260 264 279 290 289 276 280 289 305 349 339 334 316 320 314 323 345 351 358 378 408 403 376 417 433 437 429 445 443 473 456 462 487 527 484 457 486 523 513 481 451 469 481 517 455 415 380 365 347 376 433 401 350 401 427 427 377 307 278 268 265 277
188 189 190 194 198 203 204 210 214 221 228 228 234 246 247 254 255 257 273 277 261 254 256 260 273 296 306 317 358 389 361 340 330 327 342 324 320 327 342 365 382 387 367 402 418 419 442 432 434 472 483 483 496 507 466 476 507 505 504 510 481 500 547 549 509 436 390 377 348 356 384 368 371 362 368 382 385 336 322 275 264 266
188 190 192 194 195 200 202 207 213 217 222 226 236 244 251 264 268 259 259 259 259 266 270 279 291 317 325 357 403 403 372 354 346 335 346 357 348 346 346 369 368 364 362 404 388 394 402 414 422 450 472 472 470 460 455 457 463 465 462 502 541 534 565 537 490 452 422 394 367 350 339 336 361 360 336 355 380 406 312 260 241 246
192 195 200 202 203 209 207 210 218 223 225 232 246 253 261 261 260 261 272 272 280 281 292 286 310 350 351 372 413 401 373 365 354 340 352 343 348 372 368 358 362 360 360 380 379 388 387 401 412 428 439 451 440 446 445 455 482 535 502 467 489 571 545 531 529 483 437 398 373 371 358 338 360 344 358 360 324 318 300 284 245 254
202 198 204 210 211 213 219 219 219 231 240 242 247 246 250 265 291 296 278 291 287 302 295 293 321 364 386 444 411 383 366 360 355 353 361 356 358 381 381 391 417 414 383 401 424 425 411 437 448 446 431 438 466 506 488 486 491 542 565 531 506 574 592 534 529 468 416 393 413 424 397 326 305 319 377 348 280 259 284 311 266 254
213 212 210 216 220 225 225 226 226 226 234 233 238 248 255 280 295 325 296 291 302 304 310 303 318 342 413 457 421 394 375 367 360 371 361 360 383 401 406 410 427 447 413 412 450 455 440 425 431 428 449 467 443 504 552 560 530 547 573 579 572 589 547 487 439 411 378 354 355 372 338 297 282 301 295 286 259 266 283 344 284 256
223 212 216 226 228 235 239 236 252 254 252 246 266 268 265 295 310 332 349 316 321 330 333 333 321 346 384 462 427 403 388 381 376 372 366 380 408 430 431 439 435 459 446 435 457 482 463 446 460 465 469 520 469 470 561 532 551 577 523 539 581 580 568 507 436 405 354 324 313 304 294 290 277 279 304 268 292 301 288 356 329 275
221 230 227 237 244 250 257 252 256 275 272 261 268 286 269 294 317 332 326 341 349 365 353 337 324 345 374 459 443 414 398 393 384 378 372 372 389 409 422 447 444 443 450 452 470 514 496 479 487 493 465 516 513 479 490 487 486 516 495 543 512 510 558 557 425 377 364 323 312 314 305 315 323 295 267 312 387 398 332 392 404 328
240 249 243 236 260 260 274 263 257 285 280 281 282 296 298 290 306 313 310 325 345 377 357 343 354 357 360 405 471 445 422 403 402 392 392 393 393 394 406 426 426 440 438 455 507 516 543 539 520 522 517 522 526 532 549 596 527 564 538 520 468 422 432 430 388 348 321 326 380 386 383 369 341 329 307 279 301 376 420 413 481 424
238 266 241 241 277 274 280 283 266 271 286 297 300 310 321 316 301 310 313 335 358 424 374 359 394 392 378 386 428 474 444 431 419 419 417 417 419 416 430 433 440 438 462 460 485 535 530 533 511 481 504 505 504 505 548 599 574 594 563 545 526 469 394 368 354 324 309 353 410 439 441 365 332 298 303 317 304 306 327 389 475 527
248 266 250 242 248 267 284 292 289 273 291 310 315 336 352 355 331 316 337 362 417 403 374 394 445 403 434 441 456 493 483 467 454 454 448 444 450 455 455 466 469 459 463 466 465 500 509 491 500 462 494 478 480 521 548 599 580 593 568 555 501 485 430 376 341 321 323 345 365 362 378 363 305 281 288 357 419 403 357 353 390 451
260 281 266 268 260 269 280 299 299 284 294 297 316 353 374 388 357 344 344 376 417 413 408 419 452 415 511 515 518 515 506 498 490 477 471 476 482 470 477 484 491 483 479 476 462 440 458 432 454 440 452 439 434 477 522 553 531 577 571 510 518 468 401 362 331 350 326 324 310 308 293 294 308 297 281 327 342 388 396 362 369 436
278 287 294 292 274 280 301 312 309 302 306 323 330 339 386 407 416 402 376 405 470 440 445 443 455 455 525 511 510 501 493 489 497 509 506 507 506 494 498 491 506 511 510 527 441 434 428 412 413 417 424 426 415 432 459 448 482 549 534 507 463 445 395 357 332 332 315 285 277 281 273 293 321 332 295 277 277 289 322 350 305 325
304 316 318 312 286 301 310 331 335 331 332 333 351 351 355 402 447 458 447 458 433 451 464 468 495 495 503 522 473 474 472 480 458 466 506 522 515 498 455 443 465 500 524 540 504 419 380 376 406 419 413 414 399 419 418 413 421 445 451 411 426 387 362 357 351 351 311 303 317 324 303 296 318 345 331 306 332 317 305 287 364 404
320 348 339 306 312 330 325 333 352 358 370 366 357 372 375 416 456 476 438 389 386 426 406 401 413 456 485 480 504 431 449 449 479 442 452 499 530 519 489 425 502 508 529 535 467 401 364 354 359 365 374 387 398 402 413 419 415 417 406 397 389 401 419 405 382 362 347 350 408 411 371 328 348 377 405 393 391 456 435 327 306 411
316 341 342 318 343 345 349 349 358 389 404 391 388 402 393 399 421 426 387 351 368 396 383 370 377 392 461 488 433 444 399 422 392 464 414 500 488 528 420 449 493 472 467 397 355 339 342 356 349 361 369 382 413 418 417 418 413 411 408 394 390 408 390 386 381 395 449 399 367 424 456 374 368 392 453 517 463 541 447 391 334 354
335 350 337 316 337 357 368 375 368 392 422 426 423 427 425 423 388 364 349 352 357 381 357 344 387 437 442 490 473 456 452 426 436 389 385 466 420 505 428 359 369 341 338 350 361 377 429 415 388 381 391 403 421 432 425 423 427 415 410 408 390 383 373 375 379 389 462 519 428 394 400 407 380 452 478 579 522 544 526 485 395 333
372 372 353 340 350 346 360 384 395 418 411 421 420 437 410 390 342 326 308 328 353 339 328 330 389 374 412 488 467 462 458 428 401 401 375 357 399 507 490 407 323 348 414 469 471 474 488 446 414 400 405 418 425 430 435 436 460 427 398 403 391 381 366 369 379 436 420 450 534 519 519 501 472 443 417 493 566 524 589 460 350 408
399 398 349 372 381 374 384 395 377 378 345 369 348 373 360 321 299 289 271 298 302 288 277 338 347 371 412 463 483 462 460 460 394 378 376 330 350 392 356 321 356 424 553 627 678 694 561 487 446 433 423 423 445 451 433 461 443 430 403 398 392 383 370 364 361 398 376 367 373 423 407 429 435 417 407 458 540 560 467 396 489 447
406 385 371 413 404 416 406 370 335 336 318 342 328 316 292 275 267 261 255 262 262 259 262 282 297 348 366 394 424 433 406 400 390 391 365 337 320 319 324 352 391 460 574 707 691 649 629 567 469 459 435 433 441 510 447 475 469 423 399 396 383 380 379 374 350 353 371 390 401 385 371 374 351 361 373 402 420 509 487 526 493 413
427 393 373 388 418 424 373 327 312 301 299 297 297 275 265 261 259 263 250 250 253 251 255 267 269 279 310 370 384 417 409 417 417 372 334 308 295 318 346 388 449 521 491 498 493 497 523 518 465 463 452 448 433 467 478 487 508 441 401 398 386 390 394 396 382 370 352 358 381 410 478 466 456 445 375 392 471 532 526 527 467 380
435 417 405 430 413 362 354 357 327 295 281 264 257 256 249 249 250 250 248 240 240 243 251 252 255 261 273 289 364 404 382 366 370 346 326 303 306 330 389 422 439 415 417 418 429 445 452 449 449 455 485 455 449 429 420 425 559 533 421 396 386 487 551 443 395 375 375 375 352 370 418 480 506 525 460 431 440 496 513 438 404 362
416 440 427 438 402 351 324 312 311 298 277 253 246 247 247 244 245 251 252 249 243 242 243 243 245 253 257 268 289 345 400 385 363 364 340 308 336 340 344 367 369 364 379 402 437 464 482 480 479 476 475 465 489 470 427 436 575 544 438 405 391 395 625 501 437 447 406 396 375 376 414 423 468 511 568 537 560 516 585 485 379 344
408 433 430 396 334 310 289 282 279 269 255 245 241 240 248 243 250 250 252 250 251 249 237 235 238 241 245 254 264 283 340 385 364 340 322 304 325 337 321 327 351 393 411 430 457 508 540 578 567 536 507 496 592 526 416 407 506 596 381 389 390 524 507 651 620 480 484 477 430 387 387 461 483 506 577 605 575 625 694 540 368 337
397 384 351 369 362 320 288 265 249 244 241 239 239 235 243 245 251 244 256 267 288 275 261 247 239 240 241 245 251 262 276 327 359 328 288 382 422 412 362 400 418 442 493 541 642 746 688 718 733 672 603 488 463 430 419 413 398 372 406 389 390 634 566 656 754 594 707 619 477 456 495 432 541 604 594 599 657 649 576 525 406 345
339 343 311 299 291 301 289 262 241 242 239 236 238 237 239 237 239 258 273 294 313 333 340 307 285 247 238 237 244 246 246 253 256 264 311 419 538 487 428 517 614 640 694 776 768 781 752 717 736 722 645 523 463 431 415 410 401 401 384 388 408 571 640 706 686 652 692 549 571 482 499 510 502 525 538 580 584 634 625 683 452 333
300 317 319 268 247 240 240 235 233 238 235 235 236 239 244 240 255 278 304 317 337 348 372 386 358 313 256 241 237 238 242 245 258 278 331 524 723 714 636 702 787 806 811 804 786 778 765 759 753 717 661 510 491 439 418 408 403 399 403 594 432 419 497 535 637 679 699 643 626 672 516 601 622 632 641 589 605 520 510 492 395 404
268 272 274 260 240 235 235 229 229 232 232 235 235 240 251 273 296 306 324 335 358 364 376 389 389 375 314 283 253 243 246 255 262 270 313 428 623 763 789 809 823 807 771 730 758 643 665 746 677 679 705 577 443 422 422 415 398 395 401 594 656 515 665 746 640 636 694 666 695 753 552 640 603 592 650 661 605 601 658 654 583 513
235 236 235 235 233 231 231 228 229 228 230 228 229 244 264 300 331 349 361 362 368 387 392 404 418 415 394 336 300 269 246 243 252 284 308 344 433 515 626 791 734 648 535 492 518 510 537 575 549 623 536 485 437 416 425 430 410 389 390 400 429 443 570 677 610 588 592 695 719 678 700 662 588 511 488 574 593 648 558 527 502 581
223 223 229 228 227 227 228 228 229 228 229 231 233 251 280 311 339 392 400 400 415 415 441 454 496 482 454 420 359 324 280 249 252 268 289 320 435 599 728 722 543 426 388 399 424 422 442 469 528 499 479 443 413 395 390 400 388 385 379 401 438 419 519 651 536 546 514 529 560 573 597 626 642 554 490 437 464 589 592 637 629 627
