env_data/lgm/bio12.asc
NCOLS 431 
NROWS 256 
XLLCORNER -119.999510913 
YLLCORNER 31.343939428 
CELLSIZE 0.0416666666658933 
NODATA_value -3.4e+38 
[rows 37 to 73 of 256, columns 164 to 245 of 431]
193 197 226 313 316 264 237 226 228 240 261 365 601 675 562 438 379 373 374 405 522 648 773 739 618 578 547 547 537 412 391 460 437 463 666 759 770 766 627 583 543 564 600 553 579 673 757 775 751 693 675 634 575 517 487 476 398 423 421 465 549 513 392 353 364 354 343 316 318 311 297 284 265 245 245 243 235 231 225 217 225 241
188 193 207 298 287 255 234 225 225 233 253 300 441 642 588 478 367 339 349 388 487 718 674 766 626 508 458 438 452 377 348 365 397 416 599 772 914 750 606 590 579 533 551 651 612 686 763 780 751 699 666 721 659 551 490 488 484 380 355 377 466 530 418 328 342 326 318 296 288 278 265 265 259 233 224 221 219 214 210 208 211 221
183 186 202 275 306 279 250 233 231 233 239 270 327 435 463 397 348 332 346 382 428 548 672 761 635 450 395 383 391 351 339 356 372 389 423 591 692 663 601 619 709 594 541 625 705 623 692 730 721 613 561 611 655 640 576 511 655 538 359 333 359 390 357 313 326 312 298 285 272 265 257 251 247 221 212 208 204 205 202 200 203 208
181 183 197 204 222 273 254 247 235 234 233 247 271 333 431 362 334 327 331 357 390 442 564 578 508 381 352 355 432 494 357 352 365 383 417 464 545 709 747 621 642 697 634 655 735 666 624 651 708 702 603 543 563 584 523 433 493 476 392 342 334 325 317 299 298 306 292 276 266 253 245 241 226 218 202 201 193 195 196 193 195 201
181 181 184 184 188 206 228 255 259 244 234 240 258 317 514 408 340 321 321 330 346 368 422 463 399 345 337 341 417 624 460 355 366 386 412 452 497 655 808 797 626 617 603 677 724 703 595 582 626 681 615 561 467 459 430 397 390 378 358 334 341 360 345 322 279 265 267 268 262 250 229 226 219 208 201 196 192 191 189 187 195 197
177 178 175 178 176 186 199 213 231 238 233 241 261 323 505 463 358 318 313 323 327 333 353 372 378 330 329 336 402 559 452 354 372 388 409 425 451 630 807 665 557 558 574 580 611 691 614 548 529 543 596 507 461 417 400 369 358 341 338 340 324 305 291 276 266 257 253 252 248 230 217 211 206 205 200 194 194 193 186 186 188 191
174 174 174 176 175 177 181 192 208 227 228 241 266 313 455 403 335 309 311 315 322 325 329 356 390 321 326 336 378 401 349 353 373 389 409 425 439 557 624 574 553 546 551 564 542 602 626 542 514 506 510 495 473 457 413 375 359 340 358 346 329 310 286 267 263 252 248 241 234 234 218 210 202 197 193 192 193 191 190 191 192 189
174 174 173 173 176 176 179 186 195 214 247 244 260 293 386 322 295 294 321 322 323 324 326 356 346 318 324 334 339 326 336 351 373 385 404 424 439 470 538 551 565 551 538 535 511 546 581 537 504 494 481 484 499 485 431 418 418 358 341 319 310 295 292 277 276 259 249 247 235 228 217 213 210 207 200 197 193 192 200 199 195 194
174 171 171 173 176 184 179 185 192 206 235 250 262 328 353 294 283 293 321 327 322 325 326 356 350 320 326 341 326 320 332 367 454 384 404 424 453 483 540 672 571 523 515 506 501 527 576 528 515 559 561 515 534 495 487 438 393 386 352 344 351 340 330 326 291 280 275 262 253 242 234 228 217 214 207 200 196 193 192 198 193 193
172 172 171 173 174 181 184 187 192 222 247 247 270 371 406 315 295 305 326 336 330 333 369 447 408 350 352 347 324 318 331 402 463 385 401 416 454 527 530 567 516 509 497 497 504 529 574 574 582 609 572 607 634 594 513 460 463 366 387 395 381 358 355 319 330 313 285 270 258 249 250 240 234 221 211 200 195 192 193 191 190 192
176 173 173 176 178 182 183 185 197 286 364 296 287 360 462 381 326 325 355 361 349 354 442 533 499 429 428 378 323 315 323 346 400 391 441 462 504 608 523 508 501 496 508 509 504 497 517 554 571 575 573 548 556 503 483 463 394 362 434 410 394 387 352 366 363 321 309 296 283 276 274 258 249 234 221 210 205 201 197 193 191 191
228 193 182 179 178 178 183 187 206 278 403 398 323 344 455 536 456 393 392 428 400 379 431 449 486 467 437 380 321 308 322 343 392 433 529 508 635 702 523 493 484 480 478 460 449 460 450 453 509 503 494 487 536 479 427 397 375 445 453 436 415 401 436 414 360 350 349 326 308 306 297 276 266 252 240 223 214 209 203 197 191 199
227 256 206 179 178 180 191 188 205 267 407 425 327 291 333 419 510 517 463 451 447 394 375 375 411 493 429 361 315 308 324 365 414 474 617 544 589 531 479 484 511 479 483 463 450 445 430 414 430 450 439 453 516 498 458 444 406 434 465 439 424 458 419 374 424 412 384 358 332 330 300 292 277 268 257 240 227 216 208 200 199 209
192 228 215 183 182 186 199 205 187 220 270 300 273 252 264 302 370 443 470 445 419 375 359 349 376 427 473 363 311 330 371 388 421 603 596 614 587 514 464 476 516 516 480 525 496 527 478 429 486 513 420 442 492 540 545 499 466 462 491 455 452 423 418 429 441 435 417 376 364 336 318 301 297 287 275 262 235 227 211 200 213 219
211 218 205 189 189 197 209 211 196 191 202 215 224 225 242 264 302 344 392 392 436 363 340 333 361 448 450 358 366 420 361 360 431 648 677 598 517 481 463 440 466 504 525 564 603 582 518 424 465 487 423 390 400 422 486 500 455 437 474 479 483 463 433 393 352 354 357 342 323 302 302 304 276 263 259 258 235 221 200 201 230 235
278 264 218 197 212 235 244 283 240 195 192 201 210 221 236 247 265 293 313 334 366 336 321 326 363 429 479 396 434 426 358 358 443 718 583 565 542 522 498 438 428 443 490 569 552 554 521 471 430 499 454 409 406 371 375 381 372 364 388 440 427 396 384 410 393 351 313 293 293 283 269 281 269 240 228 223 217 211 198 203 228 228
284 249 216 202 215 257 267 278 261 197 190 197 211 237 248 232 242 261 283 297 307 310 305 319 364 444 429 406 403 408 348 351 453 614 489 476 513 532 520 424 410 425 467 558 557 515 498 451 409 460 462 457 506 404 362 390 375 385 382 371 380 396 386 349 345 329 335 356 360 339 315 263 260 264 271 259 236 210 204 226 233 239
273 274 224 207 211 237 222 218 210 189 187 192 194 209 223 221 230 251 262 270 283 294 293 312 336 391 386 378 375 386 343 352 396 426 425 463 490 478 475 425 410 413 458 556 544 564 551 483 447 521 496 473 417 395 350 325 371 420 410 360 374 354 369 404 395 380 406 432 386 343 317 312 308 306 264 240 215 217 245 249 254 250
224 250 223 206 201 209 201 196 190 188 186 188 193 195 203 212 224 237 247 257 280 281 294 309 316 351 357 360 366 369 340 350 391 450 501 423 423 451 429 444 405 387 449 526 530 566 565 534 482 524 438 390 380 338 312 292 314 320 323 299 309 325 366 379 416 456 506 454 402 391 369 350 321 306 284 246 219 270 282 281 280 270
214 225 222 214 201 197 190 189 192 195 182 183 190 194 204 208 217 232 246 250 261 313 351 364 325 324 345 356 383 379 355 363 391 471 592 465 390 399 416 419 379 361 414 502 547 562 543 582 510 464 380 348 322 305 284 272 281 281 280 269 267 272 280 291 343 404 414 477 494 439 419 390 364 328 279 235 232 280 299 310 304 296
241 251 247 226 208 194 189 189 201 197 182 183 185 192 200 206 215 224 238 246 264 337 395 321 308 334 345 358 366 369 350 358 387 452 562 501 357 350 388 381 356 339 375 457 587 573 521 562 563 463 362 337 319 293 282 265 259 255 258 246 252 252 253 258 283 329 389 390 484 493 445 403 370 355 304 215 290 315 327 332 324 317
224 246 273 281 270 193 186 182 189 183 181 184 185 191 198 208 213 224 231 245 258 294 300 313 304 328 323 331 356 344 338 350 382 418 493 457 348 321 341 332 325 331 358 433 600 558 515 524 539 485 406 360 318 298 278 261 254 244 242 239 246 244 242 244 255 274 307 346 443 472 465 407 322 282 241 224 335 361 366 355 345 332
221 251 259 258 266 196 186 179 177 177 180 181 183 187 196 204 212 221 231 239 254 267 324 350 321 311 309 317 344 327 331 361 436 434 447 463 340 301 308 305 315 332 371 456 599 569 507 517 470 566 497 379 310 282 268 255 248 239 236 232 236 237 233 239 244 242 257 350 440 371 472 457 363 315 243 213 313 328 334 379 366 333
213 230 260 232 216 199 188 184 181 181 182 183 183 186 192 201 214 223 229 247 262 284 349 394 348 319 303 312 326 322 327 377 433 480 463 431 333 293 292 303 314 345 410 542 647 555 552 498 438 502 502 371 309 276 260 252 242 237 232 232 223 226 226 226 224 227 244 314 365 349 355 430 446 310 263 209 254 308 320 357 380 347
205 218 228 246 213 199 189 189 183 182 182 182 180 183 188 195 208 220 233 248 284 324 375 404 351 320 305 312 324 324 343 377 418 447 428 400 331 291 289 310 332 405 514 624 644 501 542 528 410 462 486 366 292 275 258 245 238 231 229 222 221 223 227 220 217 223 239 274 335 363 307 323 353 334 265 207 286 393 371 397 388 370
208 209 215 225 222 200 190 187 185 184 186 186 185 187 188 196 206 223 236 261 301 406 464 468 347 317 304 312 312 317 345 380 431 456 409 343 297 288 293 319 416 498 601 641 555 448 511 547 444 330 331 304 263 253 249 236 229 226 223 222 224 220 227 229 210 214 212 217 272 328 334 280 254 299 249 196 256 314 411 427 413 374
207 209 205 206 201 191 188 187 187 187 186 186 187 186 186 196 208 225 239 289 325 386 425 435 337 320 316 320 314 302 319 355 409 435 388 319 290 287 298 354 477 628 644 593 482 374 488 505 494 385 278 253 241 237 234 227 224 222 223 224 224 229 224 210 205 200 200 200 237 278 298 260 223 224 215 196 248 270 322 391 421 408
211 209 205 196 194 189 188 189 189 191 191 194 191 189 192 201 213 231 258 316 373 420 495 455 344 330 335 371 350 311 298 342 404 403 359 303 286 295 337 421 559 606 552 494 402 355 460 403 447 350 296 246 228 224 226 226 226 224 227 225 229 241 228 211 205 196 193 193 213 241 249 235 218 204 191 214 305 332 366 393 422 453
208 205 200 195 194 191 192 192 195 196 195 197 196 198 201 206 219 234 258 304 342 419 432 398 330 326 350 405 375 321 283 301 347 339 335 289 288 311 404 464 586 615 578 523 406 337 365 334 266 252 247 229 217 210 214 222 222 235 240 252 251 245 224 213 202 197 191 187 194 218 211 225 235 213 200 216 238 265 350 425 440 444
209 218 206 199 195 192 195 195 198 201 204 201 205 208 211 219 227 243 260 291 316 344 359 363 335 322 350 394 350 315 281 278 307 314 295 280 307 380 461 518 605 579 554 470 476 365 467 418 349 246 220 212 208 206 205 214 219 243 271 286 290 300 273 215 201 197 197 187 192 209 195 200 229 222 186 208 235 259 290 339 426 463
205 210 209 200 197 196 197 199 202 208 209 208 212 215 222 227 238 250 264 284 304 332 341 346 378 354 348 377 336 322 275 267 283 283 276 291 342 448 495 553 610 538 424 371 381 346 388 354 280 227 211 202 201 200 201 205 210 207 219 246 295 292 230 211 205 204 201 189 206 248 229 221 192 192 204 220 235 255 280 318 383 449
196 198 197 195 197 197 201 207 208 209 214 216 221 226 240 243 246 254 272 284 296 315 329 347 389 434 337 361 344 314 269 261 258 261 269 290 351 448 467 548 605 535 496 464 380 295 376 340 235 214 205 202 198 193 193 197 200 208 214 222 230 230 225 213 199 198 198 183 185 235 235 229 209 182 217 235 253 269 272 290 339 373
191 192 191 193 196 202 217 217 211 214 219 223 229 237 253 259 258 265 275 291 300 318 333 358 459 431 329 345 341 305 271 257 251 260 269 282 302 326 388 506 584 593 520 547 453 326 275 238 218 210 204 201 196 196 192 191 200 214 209 215 225 246 237 231 208 192 188 181 179 197 231 194 175 181 203 203 223 243 276 308 306 328
190 191 195 199 203 225 250 247 220 222 226 230 237 248 256 273 269 272 283 302 319 330 339 376 501 408 325 354 371 309 272 254 251 261 267 301 394 422 510 593 549 436 385 415 490 424 330 237 211 205 201 208 197 197 193 196 212 220 206 193 189 209 222 237 208 191 180 178 174 180 192 174 169 171 192 206 228 260 274 297 282 309
190 191 195 203 223 285 252 242 227 227 233 240 244 254 261 267 274 282 303 318 336 336 353 428 547 432 322 322 334 292 263 250 253 258 271 304 356 462 486 561 561 498 416 371 356 341 323 253 218 210 210 201 196 193 196 205 209 226 200 199 200 188 195 192 182 185 177 173 171 171 170 170 169 171 178 189 218 220 238 242 253 269
188 190 199 217 278 308 252 241 236 238 239 245 255 261 268 278 285 292 311 327 343 341 377 472 536 473 359 307 294 269 254 247 262 271 309 347 383 407 379 430 482 429 382 388 385 299 228 218 213 214 211 199 196 196 200 212 214 213 209 210 208 211 211 197 180 180 173 173 168 169 167 168 168 170 174 179 191 208 216 223 226 237
192 191 203 252 289 286 258 246 242 244 245 254 260 267 274 284 286 298 315 336 340 341 373 481 510 453 400 317 291 256 247 248 258 270 270 297 346 330 330 331 361 390 377 324 268 248 209 208 210 212 200 197 197 204 219 210 216 225 215 220 221 231 229 215 195 178 165 169 170 169 167 166 170 170 175 178 185 198 201 212 215 215
