env_data/lgm/bio12.asc
NCOLS 431 
NROWS 256 
XLLCORNER -119.999510913 
YLLCORNER 31.343939428 
CELLSIZE 0.0416666666658933 
NODATA_value -3.4e+38 
[rows 111 to 147 of 256, columns 164 to 245 of 431]
459 475 513 494 461 444 438 438 468 486 463 459 451 424 436 444 420 418 415 399 390 384 356 349 338 333 310 278 279 268 272 259 244 234 241 244 244 234 203 177 186 191 220 221 182 244 282 250 174 138 125 125 124 121 129 126 141 134 126 136 142 144 155 167 177 192 194 184 164 163 175 183 206 220 242 265 286 295 290 272 267 244
436 453 460 458 476 435 448 470 507 486 454 428 434 413 425 421 412 422 398 380 370 365 350 360 337 330 289 283 264 262 250 262 257 220 242 242 240 223 196 173 159 166 187 186 164 202 228 265 289 186 129 119 122 120 120 121 125 127 133 140 145 165 164 167 170 162 149 142 150 160 173 183 187 218 242 270 271 286 264 226 237 236
412 419 431 453 459 454 464 468 471 445 429 418 413 442 429 417 416 405 384 374 374 378 368 333 318 314 312 288 252 251 234 240 240 202 208 233 211 178 168 183 166 139 164 147 127 151 128 151 245 292 210 139 118 123 123 120 131 136 139 130 137 164 181 154 137 131 132 145 152 162 175 192 209 200 218 239 265 255 217 206 204 224
400 415 416 418 407 439 449 447 436 431 426 415 419 459 419 415 420 413 391 380 380 398 378 340 323 320 321 268 240 225 234 222 222 206 183 197 184 156 151 161 169 144 128 139 112 116 135 112 169 267 267 236 141 118 117 122 130 133 133 129 130 130 139 129 164 138 139 148 161 163 181 195 214 227 204 203 242 225 204 195 200 214
375 395 395 405 398 412 421 410 408 408 413 417 429 430 410 400 395 393 374 375 386 389 358 355 330 296 286 267 248 224 231 205 193 194 171 167 165 154 144 137 139 152 120 111 111 111 120 107 115 152 202 252 126 116 115 117 122 121 123 120 125 152 129 143 142 142 143 154 162 171 183 195 208 229 241 219 205 207 198 184 204 209
416 403 387 399 394 413 425 428 414 423 432 423 429 421 404 394 396 385 369 370 358 351 367 337 306 287 276 278 248 211 208 193 177 166 159 149 156 161 146 118 117 113 122 113 105 105 112 105 107 114 130 142 113 110 117 117 126 126 132 127 158 188 138 171 143 146 148 165 165 172 181 194 208 221 234 221 219 199 190 180 215 215
421 415 410 423 409 463 438 437 439 448 458 445 427 421 398 393 395 395 364 357 357 360 350 323 302 295 287 288 244 205 193 190 178 166 153 145 138 143 137 115 114 104 104 103 102 101 105 103 103 106 104 106 108 113 124 131 144 140 144 141 165 196 145 200 155 144 158 176 170 173 179 192 206 219 219 210 211 199 186 185 200 204
421 408 421 469 492 449 449 449 445 451 457 455 435 416 397 383 392 395 370 342 349 352 327 318 314 319 313 259 238 221 198 191 187 180 172 147 133 126 120 118 112 114 101 102 102 102 100 100 107 107 110 125 114 119 200 290 202 173 162 154 195 204 154 170 164 157 176 173 172 176 177 191 207 219 213 202 197 191 185 185 204 206
407 395 390 394 431 430 442 422 418 423 422 471 412 394 376 355 356 356 342 331 328 323 310 309 330 342 324 249 237 216 200 188 198 185 178 180 129 124 127 127 121 115 108 100 102 99 97 97 106 136 116 149 117 157 345 411 226 193 174 163 202 224 180 182 184 173 228 177 176 197 198 192 204 214 207 199 192 189 188 192 206 229
399 396 385 376 378 417 410 398 434 435 406 411 368 357 352 349 348 349 333 322 319 313 313 328 349 350 314 268 256 236 226 208 187 164 195 201 142 116 107 103 123 114 105 91 90 91 96 94 101 106 151 167 114 156 188 208 202 190 201 180 216 232 203 179 204 191 251 191 177 187 196 197 206 207 197 193 192 189 193 192 220 225
401 401 391 377 369 373 372 387 443 417 394 361 353 346 335 332 333 326 318 318 318 321 332 364 364 351 294 285 284 270 260 247 224 214 189 149 132 117 104 104 105 98 88 82 86 90 98 97 100 106 113 148 127 143 179 200 201 202 215 193 209 235 185 183 210 233 216 181 177 184 196 197 214 206 201 196 195 195 206 202 235 222
384 386 381 381 372 373 380 389 421 383 346 344 338 326 320 324 323 328 328 334 334 339 358 389 378 378 314 302 296 301 284 272 256 258 255 246 134 115 102 103 83 76 80 87 95 88 91 102 106 108 119 123 136 143 154 186 214 221 222 213 218 257 234 197 222 286 211 195 190 185 199 206 233 222 228 217 209 208 212 220 220 212
379 378 379 377 372 370 363 353 345 337 330 326 323 318 316 326 335 339 343 351 353 365 391 419 400 399 328 312 313 317 309 300 279 286 279 245 122 130 109 97 98 100 93 103 121 115 95 95 102 104 110 115 116 129 143 156 169 200 241 224 252 281 275 212 285 247 214 213 210 196 218 225 241 227 220 213 209 209 207 205 205 212
375 374 375 375 377 377 367 354 339 332 322 319 315 319 325 337 343 353 357 366 374 422 443 447 438 404 314 345 334 341 325 311 306 318 249 137 132 119 118 116 121 132 126 114 132 129 102 103 125 137 134 135 142 137 137 142 166 192 240 250 284 293 311 285 331 287 246 232 248 241 212 217 215 209 206 204 203 201 203 207 214 214
374 370 370 375 385 389 380 362 337 328 321 320 315 321 336 350 357 362 368 381 407 481 486 478 451 381 289 333 348 357 331 327 337 250 153 133 126 130 162 164 160 160 143 141 141 148 128 116 121 146 158 164 165 166 167 163 157 189 227 282 295 292 303 296 310 304 246 228 233 226 209 208 209 201 200 204 204 212 207 211 214 210
377 370 369 370 375 383 370 348 338 332 329 327 323 324 348 349 367 376 385 402 460 510 519 504 472 389 300 255 241 231 263 341 292 159 141 134 126 186 189 175 177 178 173 160 150 156 149 138 134 146 158 162 169 184 180 156 176 191 227 265 269 274 281 276 287 316 244 216 216 211 208 208 204 208 210 215 217 228 215 209 209 217
384 373 369 365 368 364 351 345 340 339 337 338 318 339 341 372 385 392 406 425 516 535 539 540 516 387 352 259 232 217 206 199 175 158 149 148 156 229 210 193 187 187 196 187 166 168 172 149 146 154 162 169 180 188 180 170 173 214 252 253 256 262 283 267 264 293 228 246 236 223 219 212 206 215 220 223 226 217 210 207 218 222
391 376 370 367 369 368 357 352 357 345 335 337 324 310 354 376 395 413 435 474 539 561 564 573 526 413 375 292 243 218 200 187 176 166 165 166 176 242 234 218 199 191 198 201 183 164 171 158 153 168 169 182 193 202 194 200 195 240 245 238 250 257 279 294 274 251 313 356 332 325 238 217 217 222 222 215 214 212 211 213 219 227
415 408 380 374 373 373 367 360 357 360 347 324 326 312 373 388 408 432 469 507 549 570 577 585 535 463 405 352 244 220 203 197 188 176 184 185 201 251 245 236 218 199 204 202 192 179 178 165 168 176 175 199 216 228 226 239 226 226 225 235 242 252 260 268 256 302 307 316 324 348 306 231 231 231 221 213 223 224 220 216 222 226
419 410 397 393 382 386 382 374 362 329 320 307 276 330 357 379 415 447 489 517 552 577 587 603 573 522 424 332 254 231 219 213 196 197 203 212 194 238 275 261 233 198 192 200 207 204 200 193 189 196 198 234 239 250 232 235 217 216 217 226 232 244 242 257 286 278 277 290 306 323 341 290 238 225 221 222 231 231 227 226 234 230
423 419 412 406 402 396 385 379 378 370 372 343 274 312 293 371 426 448 499 535 551 586 600 607 593 567 465 363 258 244 223 188 202 214 218 232 234 208 277 266 236 205 192 192 199 209 217 206 202 205 213 231 241 217 216 205 205 205 210 215 224 235 266 295 278 261 265 286 283 291 320 311 261 249 238 238 242 233 227 234 239 236
461 445 420 420 417 408 401 386 381 388 387 362 275 276 300 413 443 468 503 540 562 585 609 624 610 590 506 369 273 260 226 206 229 225 234 247 244 233 225 266 230 200 186 185 190 196 200 193 201 207 223 236 226 205 200 194 195 198 205 214 234 272 304 286 265 251 259 263 275 289 311 321 322 336 280 294 261 241 236 240 244 242
468 432 402 426 426 417 408 401 388 385 389 351 263 289 328 314 336 427 473 542 567 591 612 638 625 606 482 344 293 273 256 193 223 243 255 244 243 247 222 256 216 185 178 177 182 184 192 193 195 201 204 214 196 195 190 188 190 204 221 238 249 259 262 252 253 238 251 268 289 299 308 323 331 319 333 339 351 279 253 253 252 248
519 455 381 420 429 417 389 408 400 381 382 371 280 271 255 248 261 293 352 505 561 592 603 633 639 626 553 382 319 300 210 233 259 254 248 250 249 256 246 228 204 178 174 173 171 181 195 207 192 194 204 195 180 179 178 188 218 236 253 253 228 235 237 225 231 253 253 270 291 294 321 339 324 302 306 316 332 342 310 293 257 238
479 436 368 418 433 409 318 386 402 355 298 269 264 297 363 375 312 286 374 464 553 579 598 623 638 637 628 483 393 327 226 241 272 262 254 254 256 259 246 227 200 181 182 170 167 183 204 208 188 191 194 195 177 175 176 203 219 236 244 225 221 220 219 235 255 286 273 275 281 302 317 329 331 307 287 303 319 334 361 383 283 239
464 377 366 437 434 373 296 312 346 287 272 284 273 374 373 335 288 326 433 423 464 503 555 608 617 633 631 607 479 368 251 219 284 274 261 255 249 243 221 218 195 181 179 170 167 171 195 187 186 186 182 182 179 172 178 196 209 223 228 210 207 220 230 252 278 278 269 268 279 293 308 309 287 291 323 333 344 339 345 346 307 246
477 350 377 372 381 304 289 286 291 311 264 304 380 392 381 278 293 385 379 285 253 343 530 578 586 586 601 603 478 240 192 199 247 283 265 246 235 217 202 219 199 180 179 170 167 173 192 176 176 178 175 177 175 172 182 201 215 217 210 198 218 236 244 257 277 266 260 268 289 289 288 279 280 304 335 340 357 331 327 328 328 243
406 338 337 319 313 306 299 321 393 338 334 277 370 407 405 318 296 277 295 224 249 341 512 360 438 581 577 513 545 348 240 216 207 286 265 239 222 205 198 209 195 181 172 175 169 168 165 164 167 172 171 179 166 174 187 198 198 210 195 205 219 227 241 263 271 252 253 270 264 258 267 276 312 322 315 322 329 311 299 333 310 245
307 270 319 377 320 378 296 382 415 373 349 305 285 345 403 424 364 271 358 325 215 273 280 259 410 526 473 397 556 524 275 207 181 255 253 199 201 198 200 193 187 177 162 176 170 170 164 162 165 160 164 165 162 172 174 173 197 202 188 205 217 227 241 258 255 245 259 256 251 256 275 300 305 302 284 305 306 283 290 310 313 251
325 335 373 442 341 360 384 426 418 407 361 386 287 315 368 412 411 389 437 415 222 211 220 260 335 438 454 490 509 492 290 183 170 290 251 225 198 190 189 182 181 169 155 155 164 165 158 158 159 154 155 159 165 173 172 177 175 182 199 208 224 238 248 240 239 248 243 242 256 272 273 279 286 284 277 297 281 292 279 279 294 256
401 398 431 423 406 392 431 429 422 414 388 394 349 310 379 394 403 413 424 422 393 277 240 311 417 449 458 487 433 316 202 170 182 310 245 208 206 195 184 181 177 168 151 149 145 149 151 154 153 171 178 167 173 177 185 191 204 203 208 220 234 240 229 236 239 233 239 254 267 269 263 264 263 269 311 286 284 293 264 253 249 246
447 413 489 444 443 427 439 431 424 417 403 402 397 368 364 390 394 400 410 421 429 435 381 434 460 465 464 464 305 241 179 204 293 344 260 233 206 203 198 187 173 164 151 151 151 163 167 169 181 200 199 173 178 184 192 200 210 221 220 227 236 229 230 237 229 229 243 260 270 255 263 270 263 274 281 266 279 281 262 257 252 250
453 452 479 467 446 436 440 430 422 418 406 403 400 386 384 380 384 387 406 419 412 420 426 445 453 470 473 456 322 257 310 429 428 366 277 252 234 224 210 190 174 161 151 154 151 158 177 191 194 203 210 199 190 190 201 206 213 228 229 222 222 231 232 229 223 234 246 251 258 252 263 276 261 271 262 297 303 334 305 280 272 259
448 499 480 477 458 441 436 434 424 419 414 410 406 393 390 385 390 385 387 414 412 412 431 442 448 455 469 496 495 455 434 419 397 378 314 252 237 228 210 190 175 162 154 157 153 156 185 192 204 214 220 225 228 222 210 224 218 213 214 215 225 239 228 225 234 242 246 243 247 260 267 263 251 269 284 279 314 338 328 285 268 259
449 510 493 475 459 442 436 430 421 416 415 412 406 396 393 383 384 390 385 388 409 409 433 448 449 455 463 477 495 498 434 390 375 349 341 329 275 224 203 181 169 166 154 157 156 156 179 190 199 219 225 228 227 229 232 237 210 206 215 233 246 228 219 230 243 243 239 237 250 263 249 248 276 261 277 281 294 318 343 309 271 264
495 505 493 476 464 444 437 432 421 416 410 411 409 401 393 383 382 383 388 389 397 402 421 443 449 453 456 482 486 488 474 447 430 431 423 401 383 352 257 188 177 165 154 155 163 158 167 202 201 209 221 218 217 227 234 218 205 211 225 246 238 217 227 242 245 244 239 248 244 244 252 268 286 305 311 315 327 344 346 333 286 268
542 499 494 478 468 438 434 425 417 412 406 407 403 401 387 384 386 385 383 396 392 398 408 428 430 433 435 453 461 465 452 451 444 433 410 380 352 354 270 194 187 174 161 156 164 163 161 183 205 207 205 209 216 216 210 200 210 223 229 219 215 215 232 250 234 228 231 231 233 258 268 275 289 302 310 310 322 341 315 331 303 271
