env_data/lgm/bio12.asc
NCOLS 431 
NROWS 256 
XLLCORNER -119.999510913 
YLLCORNER 31.343939428 
CELLSIZE 0.0416666666658933 
NODATA_value -3.4e+38 
[rows 111 to 147 of 256, columns 82 to 163 of 431]
184 183 190 199 224 250 260 229 212 236 286 242 224 206 192 191 191 198 224 260 287 253 236 224 210 203 200 203 254 351 344 279 218 189 186 223 222 233 253 244 246 258 293 336 413 373 326 286 245 245 307 298 292 330 379 424 419 370 318 333 322 306 302 333 406 404 393 369 358 384 411 462 525 592 592 634 567 476 451 411 457 450
195 201 220 224 238 257 262 248 240 262 272 242 209 193 191 187 187 190 192 201 212 226 237 220 214 203 200 197 228 300 312 278 261 206 182 200 205 222 244 244 258 274 298 367 365 339 301 266 266 269 242 251 271 310 367 351 336 318 295 311 305 290 285 318 351 354 355 342 344 384 414 456 487 541 584 488 476 458 395 410 433 457
204 215 221 237 246 255 267 271 262 276 258 262 250 202 192 187 186 186 189 191 196 212 237 238 233 213 198 189 199 228 274 259 262 213 190 177 203 230 262 260 302 296 320 360 295 266 247 249 284 265 217 238 273 332 346 311 306 298 280 281 281 279 280 299 315 328 323 317 374 397 407 419 465 467 464 447 422 376 360 376 412 455
204 219 226 235 253 266 277 284 284 270 239 245 214 206 190 187 185 198 190 191 201 212 237 253 263 210 193 186 188 224 248 247 241 231 197 174 180 208 224 282 297 294 312 275 236 221 226 272 254 229 199 226 258 304 310 285 282 284 290 267 267 270 260 299 343 342 312 324 386 403 353 397 425 415 403 378 333 333 339 336 403 402
183 194 203 212 222 253 252 239 277 248 203 188 179 179 198 199 190 224 203 191 201 208 233 240 257 212 190 180 186 223 222 222 218 212 205 182 178 179 213 314 295 277 282 229 202 202 247 241 226 215 191 214 250 265 264 256 264 272 270 256 255 247 269 326 408 407 334 284 281 308 299 335 342 322 336 320 297 298 321 340 360 364
177 189 203 203 203 203 203 218 243 248 198 175 171 180 199 228 205 204 211 202 206 211 223 233 270 240 197 179 182 200 201 223 214 205 205 200 217 166 184 277 283 254 240 200 192 225 225 216 209 203 182 207 228 228 234 239 253 267 266 259 241 233 273 340 439 433 351 303 284 256 253 282 291 273 284 276 281 308 331 380 402 421
178 203 233 225 200 195 190 204 220 214 186 173 169 173 195 215 203 192 199 203 217 224 247 286 279 269 230 187 185 180 179 208 201 204 249 207 189 164 164 248 226 220 193 182 212 252 213 214 194 190 189 211 224 213 221 227 248 251 269 248 231 222 257 317 396 393 403 358 303 273 251 244 250 244 260 284 304 310 351 400 408 421
183 209 241 243 211 192 183 193 210 198 180 172 166 169 180 199 198 195 199 211 237 248 249 279 270 222 219 203 196 197 166 167 167 184 277 232 179 161 155 194 197 188 179 211 222 201 194 188 176 190 223 246 248 223 210 226 238 238 240 230 217 212 236 264 297 352 431 372 304 259 246 234 239 249 266 314 354 336 352 424 457 440
173 184 213 227 209 191 177 194 226 207 185 170 162 162 173 186 196 199 210 219 237 243 232 235 250 199 180 211 204 182 162 159 159 166 266 271 179 154 147 158 163 172 227 227 196 180 172 169 200 241 299 318 280 256 212 209 216 221 216 216 209 204 209 223 246 313 376 361 324 255 232 236 251 254 265 286 301 314 327 399 412 406
181 181 185 194 205 186 216 216 227 195 196 176 164 164 173 176 188 194 222 232 226 205 185 206 233 192 164 176 223 173 154 154 157 163 264 303 183 148 141 147 157 188 245 209 180 170 157 178 224 316 374 346 265 238 221 204 198 200 207 203 203 196 192 200 205 253 266 260 256 266 252 250 254 264 269 282 304 299 352 382 382 390
166 193 211 207 177 183 236 241 241 197 181 195 176 165 170 182 169 182 213 229 217 183 163 173 239 195 162 158 201 218 164 159 158 163 237 303 191 153 141 141 146 188 213 199 177 155 148 175 217 289 366 364 295 240 248 207 194 190 190 193 192 199 191 189 190 235 222 263 337 308 285 292 276 294 312 330 329 334 392 386 380 383
152 167 190 170 160 185 198 195 216 196 182 179 164 157 170 169 158 171 230 239 220 185 155 155 231 191 165 161 184 219 208 219 198 175 224 317 203 164 146 136 143 197 199 196 179 146 147 172 197 232 271 289 254 238 246 202 187 184 179 190 186 187 189 178 190 271 314 372 388 322 365 376 323 375 360 350 372 384 402 392 381 382
139 153 174 158 146 159 170 168 174 199 194 173 158 149 145 143 144 160 194 204 229 214 154 149 239 195 165 158 193 249 253 245 228 201 239 339 222 176 149 133 133 170 190 182 173 146 147 160 179 200 243 256 214 207 202 189 180 172 184 173 175 177 178 178 222 364 381 432 449 384 375 406 379 422 401 372 365 355 407 397 381 377
132 141 159 153 139 142 148 153 162 177 185 173 165 149 144 141 143 160 172 191 229 212 146 142 221 194 163 159 172 228 225 281 257 238 281 357 232 179 152 133 130 147 154 167 159 145 132 148 166 178 194 187 187 187 186 182 173 162 174 161 161 164 177 208 283 443 421 478 461 388 415 456 419 447 410 368 360 350 381 406 392 378
128 132 141 140 132 134 143 147 162 201 197 181 164 148 144 148 164 191 191 194 204 177 140 142 170 190 170 160 172 193 196 245 271 284 328 330 230 187 159 135 133 130 134 146 140 136 132 135 157 164 171 160 164 170 171 171 161 157 157 159 170 174 187 247 388 472 493 427 448 398 416 440 407 406 395 375 359 352 356 406 396 385
118 129 130 131 132 136 154 164 166 178 170 168 162 160 160 165 180 192 192 208 180 147 136 135 215 186 159 163 186 217 207 241 304 356 383 314 239 200 163 136 154 151 135 139 127 128 131 127 143 156 160 155 161 156 157 155 147 157 175 188 199 199 222 290 385 407 385 364 383 394 401 396 392 405 396 385 363 354 351 383 405 393
115 120 120 123 123 127 139 145 150 155 160 163 166 177 181 185 207 201 186 176 153 140 136 151 206 159 147 171 213 220 212 266 373 488 403 321 262 220 172 137 175 182 160 149 135 124 128 127 131 142 151 155 156 153 144 143 172 197 214 241 254 250 310 330 344 356 345 340 342 387 394 393 394 398 394 394 376 361 355 357 405 407
115 116 116 119 123 128 137 145 153 170 174 158 157 162 176 211 211 210 189 166 149 137 138 152 169 144 138 151 220 215 243 312 439 494 413 350 276 207 163 156 187 186 159 143 132 126 127 128 131 139 138 147 155 151 136 159 191 229 278 365 385 351 332 295 321 332 356 319 339 366 388 396 401 402 402 393 382 370 362 356 407 407
114 115 113 116 117 125 125 127 137 155 166 160 152 154 166 175 170 170 171 164 145 139 142 149 143 135 136 150 192 210 264 388 458 412 375 350 298 213 162 155 181 174 144 137 130 127 133 149 150 139 129 139 151 146 137 168 198 227 333 443 409 312 291 274 306 324 316 326 359 365 393 400 405 405 398 393 384 377 367 372 426 415
113 114 114 116 115 118 124 124 123 128 133 139 155 174 181 177 172 165 161 160 152 154 149 144 138 135 138 151 167 206 282 433 412 332 324 324 313 254 161 141 156 148 140 134 130 130 139 160 152 144 130 129 146 139 147 179 179 205 282 343 380 282 281 270 266 281 287 287 371 386 405 414 409 412 404 393 394 383 404 449 436 422
111 113 112 112 113 115 115 115 117 119 123 134 168 197 220 208 195 187 181 179 183 190 174 161 147 139 137 139 153 177 247 380 341 280 293 319 306 216 158 149 129 127 131 131 130 132 152 166 154 144 137 129 135 136 147 158 177 194 222 260 313 270 258 248 247 247 253 288 312 357 400 421 416 416 406 396 393 380 435 454 447 432
-3.4e+38 111 113 113 113 114 114 116 116 117 122 135 170 220 301 263 246 230 221 214 223 213 212 204 182 163 148 135 133 152 199 283 249 247 294 324 251 186 153 138 117 120 128 130 135 141 156 166 156 149 145 135 129 129 136 148 174 186 196 221 271 239 234 226 228 228 237 313 398 396 398 424 424 417 407 407 392 380 430 453 449 457
-3.4e+38 -3.4e+38 109 109 108 109 115 123 122 122 126 146 164 192 267 344 350 304 341 274 264 261 256 272 233 201 172 140 127 129 157 179 206 240 258 275 222 180 152 130 116 124 133 134 144 152 166 176 165 155 154 141 133 129 134 150 174 177 184 200 201 208 213 206 208 218 248 321 413 435 431 422 427 422 414 405 393 387 408 456 448 459
-3.4e+38 -3.4e+38 -3.4e+38 -3.4e+38 110 111 115 117 139 139 144 174 156 171 202 280 382 361 380 404 348 335 326 310 270 239 195 152 128 122 133 147 186 270 248 203 211 189 147 126 124 135 147 147 155 167 207 200 185 172 168 139 129 129 134 168 194 208 211 194 184 185 198 191 197 217 261 328 406 459 445 427 430 460 448 407 399 391 404 469 474 482
-3.4e+38 -3.4e+38 -3.4e+38 -3.4e+38 -3.4e+38 107 112 116 123 144 144 156 152 147 172 214 310 371 337 429 502 464 416 370 344 276 233 178 150 135 121 119 123 137 151 151 155 159 143 136 135 156 150 157 181 186 184 166 160 177 156 129 126 133 151 200 219 259 226 209 199 179 173 179 192 211 285 328 366 447 435 420 414 406 405 389 401 392 387 442 496 525
-3.4e+38 -3.4e+38 -3.4e+38 -3.4e+38 -3.4e+38 -3.4e+38 118 128 128 138 145 169 146 136 147 177 245 324 306 408 512 530 560 447 410 309 228 193 172 148 128 118 114 113 113 117 118 119 127 129 136 148 163 177 217 213 168 157 156 150 133 128 126 136 167 205 223 259 243 237 195 168 167 177 191 212 304 317 334 394 421 414 425 408 409 401 377 389 380 363 378 458
-3.4e+38 -3.4e+38 -3.4e+38 -3.4e+38 -3.4e+38 -3.4e+38 -3.4e+38 -3.4e+38 150 129 143 138 131 132 139 162 195 238 279 370 502 633 484 425 334 275 238 220 217 152 127 117 112 111 108 102 103 102 108 120 126 135 147 159 187 194 166 150 146 145 149 158 127 138 174 207 234 263 298 261 187 157 163 171 182 213 294 321 358 408 410 413 420 411 417 412 399 373 350 359 338 461
-3.4e+38 -3.4e+38 -3.4e+38 -3.4e+38 -3.4e+38 -3.4e+38 -3.4e+38 -3.4e+38 -3.4e+38 128 136 136 132 133 138 156 184 236 265 311 421 532 558 464 352 303 308 296 228 172 128 120 115 111 109 103 103 103 125 123 114 116 132 147 149 150 148 157 155 173 165 139 125 144 168 201 240 289 277 229 182 152 161 174 183 220 290 312 397 431 424 412 420 432 431 370 369 393 320 363 313 415
-3.4e+38 -3.4e+38 -3.4e+38 -3.4e+38 -3.4e+38 -3.4e+38 -3.4e+38 -3.4e+38 -3.4e+38 -3.4e+38 125 132 130 133 136 141 151 188 217 261 329 328 419 364 384 352 299 261 204 159 134 125 119 113 109 105 103 113 133 111 107 111 116 127 128 131 154 152 149 150 136 124 126 141 169 211 233 268 215 183 160 156 156 169 191 265 343 374 395 434 425 419 449 443 436 359 286 300 289 317 281 328
-3.4e+38 -3.4e+38 -3.4e+38 -3.4e+38 -3.4e+38 -3.4e+38 -3.4e+38 -3.4e+38 -3.4e+38 -3.4e+38 -3.4e+38 -3.4e+38 128 130 137 140 140 160 183 216 226 276 315 345 322 323 218 188 170 151 139 130 119 116 111 109 106 111 123 114 103 102 107 115 113 115 118 126 146 120 121 123 125 128 157 229 233 212 177 141 156 169 144 159 235 285 317 391 425 430 426 424 441 449 464 435 309 267 285 306 259 261
-3.4e+38 -3.4e+38 -3.4e+38 -3.4e+38 -3.4e+38 -3.4e+38 -3.4e+38 -3.4e+38 -3.4e+38 -3.4e+38 -3.4e+38 -3.4e+38 -3.4e+38 129 132 138 140 152 162 175 188 228 285 276 282 337 223 187 201 150 134 128 121 118 117 113 108 106 109 109 111 110 103 104 109 113 147 154 165 124 121 123 126 129 129 151 174 164 145 138 181 158 154 170 249 318 314 333 381 403 413 419 435 446 444 455 367 287 268 243 234 301
-3.4e+38 -3.4e+38 -3.4e+38 -3.4e+38 -3.4e+38 -3.4e+38 -3.4e+38 -3.4e+38 -3.4e+38 -3.4e+38 -3.4e+38 -3.4e+38 -3.4e+38 -3.4e+38 131 132 141 148 154 160 168 189 221 231 260 296 264 180 187 160 144 131 129 124 118 118 115 110 110 123 146 139 108 106 111 151 184 186 165 137 124 124 134 134 129 131 142 175 148 146 193 180 201 266 279 288 299 309 307 330 368 394 361 421 409 433 380 276 286 312 280 435
-3.4e+38 -3.4e+38 -3.4e+38 -3.4e+38 -3.4e+38 -3.4e+38 -3.4e+38 -3.4e+38 -3.4e+38 -3.4e+38 -3.4e+38 -3.4e+38 -3.4e+38 -3.4e+38 -3.4e+38 -3.4e+38 136 145 146 149 161 176 190 212 243 278 283 190 175 160 148 139 133 124 124 124 125 133 127 131 159 169 122 115 116 139 190 221 167 144 127 132 139 137 137 134 137 154 141 165 201 190 251 307 304 295 293 293 308 289 316 374 311 352 388 390 288 227 277 399 337 486
-3.4e+38 -3.4e+38 -3.4e+38 -3.4e+38 -3.4e+38 -3.4e+38 -3.4e+38 -3.4e+38 -3.4e+38 -3.4e+38 -3.4e+38 -3.4e+38 -3.4e+38 -3.4e+38 -3.4e+38 -3.4e+38 -3.4e+38 137 146 150 157 167 181 202 287 350 321 233 192 168 164 148 141 134 135 143 160 167 155 153 161 160 150 140 114 137 177 223 177 146 132 147 153 152 154 154 170 163 163 202 211 211 307 341 327 324 318 223 251 297 347 300 279 323 402 400 291 242 211 342 370 460
-3.4e+38 -3.4e+38 -3.4e+38 -3.4e+38 -3.4e+38 -3.4e+38 -3.4e+38 -3.4e+38 -3.4e+38 -3.4e+38 -3.4e+38 -3.4e+38 -3.4e+38 -3.4e+38 -3.4e+38 -3.4e+38 -3.4e+38 -3.4e+38 146 147 150 157 173 200 242 331 340 241 208 180 180 169 158 147 148 157 193 172 150 143 132 139 145 147 117 129 145 195 170 146 139 162 164 166 175 178 197 172 181 231 226 240 341 353 343 331 268 237 228 298 315 275 312 399 436 368 355 277 233 279 357 441
-3.4e+38 -3.4e+38 -3.4e+38 -3.4e+38 -3.4e+38 -3.4e+38 -3.4e+38 -3.4e+38 -3.4e+38 -3.4e+38 -3.4e+38 -3.4e+38 -3.4e+38 -3.4e+38 -3.4e+38 -3.4e+38 -3.4e+38 -3.4e+38 -3.4e+38 -3.4e+38 149 153 176 203 227 295 253 221 245 209 194 179 167 171 176 175 212 169 132 125 126 134 144 157 138 115 123 170 163 147 150 168 179 193 200 205 195 179 205 249 246 263 326 320 358 347 337 319 278 300 299 287 314 301 343 414 361 270 219 293 460 491
-3.4e+38 -3.4e+38 -3.4e+38 -3.4e+38 -3.4e+38 -3.4e+38 -3.4e+38 -3.4e+38 -3.4e+38 -3.4e+38 -3.4e+38 -3.4e+38 -3.4e+38 -3.4e+38 -3.4e+38 -3.4e+38 -3.4e+38 -3.4e+38 -3.4e+38 -3.4e+38 -3.4e+38 142 145 168 195 248 225 202 231 213 183 168 179 179 177 192 188 144 123 123 134 148 154 168 121 111 116 141 154 149 156 171 193 210 233 227 215 183 192 228 272 331 311 344 360 348 338 277 312 300 290 290 280 295 332 421 309 261 218 310 488 476
