env_data/lgm/bio17.asc
NCOLS 431 
NROWS 256 
XLLCORNER -119.999510913 
YLLCORNER 31.343939428 
CELLSIZE 0.0416666666658933 
NODATA_value -3.4e+38 
[rows 195 to 233 of 256, columns 267 to 355 of 431]
34 36 36 34 32 30 30 31 32 36 36 35 34 30 29 28 28 28 28 28 26 26 29 31 31 27 26 25 28 34 38 38 41 49 38 27 23 20 20 22 25 24 22 22 22 23 20 20 20 21 21 22 23 21 22 23 23 23 24 27 27 31 34 37 36 36 35 34 32 32 32 32 32 36 39 39 44 43 39 36 35 33 33 31 30 28 28 28 27
35 35 31 32 30 30 30 32 36 39 39 36 32 29 29 28 28 28 28 29 30 30 34 39 39 31 27 26 26 30 31 32 38 49 40 27 21 20 18 18 22 21 19 19 19 20 19 19 19 21 21 21 21 21 21 21 23 23 24 27 33 32 33 37 34 34 33 32 31 30 32 32 32 36 39 40 40 39 37 36 35 34 33 31 30 28 28 28 27
37 34 30 30 30 31 32 34 36 40 37 34 31 30 30 31 32 32 32 31 31 32 32 34 39 31 29 28 26 26 29 30 34 39 31 25 21 20 18 17 17 18 18 18 19 19 19 19 19 21 21 21 21 21 21 21 22 23 24 27 41 35 33 35 35 31 31 30 31 32 32 32 32 33 41 40 40 40 37 35 34 33 30 30 29 28 29 28 28
34 32 30 30 30 34 34 36 40 43 43 37 34 31 31 33 35 35 35 33 34 35 33 35 36 32 31 30 25 25 27 30 30 31 29 26 21 19 18 16 16 18 18 18 18 19 19 19 21 21 21 21 21 21 21 21 22 22 24 28 40 36 33 32 33 33 30 30 32 32 31 32 32 32 36 41 46 44 38 36 35 32 31 30 30 30 29 29 29
32 33 30 30 33 37 43 45 40 40 35 36 34 32 32 35 36 39 44 37 34 33 32 33 33 32 32 29 23 23 25 27 30 39 42 28 25 21 18 16 16 17 17 17 17 18 19 19 21 21 21 21 21 21 21 21 21 22 25 32 37 28 29 30 30 30 28 30 31 30 30 31 32 32 36 50 47 42 38 36 35 35 33 31 32 30 29 28 27
35 32 32 36 35 34 36 39 35 35 35 35 36 36 37 37 36 36 39 36 34 33 33 33 32 33 31 29 23 22 23 27 31 37 51 40 30 21 17 16 16 17 17 17 17 19 19 19 20 20 21 21 22 21 21 21 21 22 24 31 42 28 27 27 27 26 26 28 30 29 30 32 32 33 33 36 40 47 43 38 44 46 42 43 40 37 33 30 30
35 32 32 36 36 34 34 35 39 38 37 36 39 43 40 36 34 34 34 34 34 36 33 32 33 36 36 29 23 21 22 25 27 30 45 34 26 22 17 17 17 17 16 16 16 18 19 19 20 20 20 20 21 21 21 21 22 22 25 27 36 31 27 26 26 26 26 26 27 28 30 33 33 34 35 34 41 41 40 37 38 41 51 59 59 53 51 42 30
32 32 36 37 37 35 37 39 41 41 44 41 37 37 35 35 34 33 34 35 35 37 34 32 33 37 33 27 25 22 21 21 22 30 46 30 24 19 17 17 17 16 16 16 16 18 19 19 20 20 20 20 21 21 21 21 22 23 25 25 26 29 25 24 24 24 26 26 28 30 31 33 35 39 44 38 40 40 37 36 34 33 36 37 41 43 42 38 30
33 35 36 39 39 41 40 39 40 38 39 40 41 39 36 34 33 33 34 35 35 35 33 33 35 37 31 27 24 23 23 21 18 22 27 29 22 19 17 17 16 16 16 16 16 18 19 19 20 20 20 20 21 21 21 21 22 29 26 23 23 24 23 23 23 23 24 26 29 31 32 38 39 51 51 45 42 40 37 36 33 32 32 32 35 33 33 31 30
32 35 36 39 42 49 44 43 40 38 38 39 39 42 41 36 36 34 34 36 35 36 35 33 34 33 30 27 26 30 28 22 18 18 22 22 21 18 17 17 16 16 16 16 17 18 19 19 20 20 20 20 21 21 21 22 26 27 26 23 22 22 23 23 23 23 26 27 30 33 36 39 51 55 53 51 44 41 39 37 35 36 37 34 31 32 32 32 31
32 35 36 39 48 48 44 43 38 38 39 38 39 42 40 39 36 34 33 35 36 36 37 37 38 34 31 26 24 29 31 23 18 17 18 18 18 17 17 16 16 16 20 17 17 17 18 20 20 20 20 21 21 21 22 22 24 24 23 22 22 22 22 22 23 23 26 27 31 36 36 42 55 61 55 52 46 42 41 38 36 34 33 33 32 31 31 33 31
31 36 37 41 42 44 44 43 40 38 38 38 38 38 39 45 40 37 34 36 37 36 38 37 41 38 32 27 23 23 27 20 19 17 17 17 17 16 16 16 16 16 21 17 17 17 17 20 20 21 21 21 23 22 23 23 24 24 27 21 20 20 22 22 22 23 24 27 29 32 32 36 52 71 64 52 47 44 42 39 36 33 33 33 32 30 30 30 31
30 37 39 42 49 53 48 46 44 41 37 36 38 38 39 41 39 35 34 34 36 38 37 38 41 38 32 27 23 20 26 19 18 18 17 16 16 16 16 16 16 16 20 17 17 17 18 20 20 21 23 23 23 23 24 25 28 25 25 20 20 20 21 22 22 23 23 24 27 29 31 37 50 68 57 50 43 42 41 36 37 37 37 35 34 32 30 29 28
30 39 46 46 49 55 51 48 41 41 39 38 36 36 36 37 35 34 34 35 35 37 38 41 41 40 32 28 24 19 23 22 18 18 17 16 16 16 16 16 16 17 20 17 17 17 18 20 21 23 25 25 27 27 30 32 36 24 21 21 21 20 20 21 22 23 23 24 27 29 33 43 45 49 56 48 42 42 42 44 45 40 37 36 34 33 33 31 31
29 35 39 41 50 45 49 49 43 39 39 38 36 34 33 33 33 34 35 35 36 39 41 44 48 43 32 28 24 19 19 18 18 18 16 16 16 16 16 17 17 17 17 18 18 18 18 21 22 25 27 28 29 30 28 27 24 21 19 19 20 20 20 21 21 22 23 23 27 29 36 45 39 41 50 46 45 47 48 47 47 42 40 36 35 34 34 33 32
27 30 33 35 39 38 41 41 41 41 40 40 37 33 31 32 34 35 36 37 38 39 42 45 50 38 34 27 26 23 23 19 18 17 17 16 16 16 17 17 17 17 18 18 18 18 19 21 22 25 27 30 30 31 28 22 20 18 18 18 19 19 21 20 21 21 23 23 25 29 33 36 37 42 47 48 48 50 50 48 44 43 42 37 35 34 33 34 32
27 29 30 31 32 33 33 38 41 40 40 41 40 37 33 32 32 34 36 38 38 41 43 47 48 35 30 26 24 20 20 19 18 17 17 17 17 17 17 17 17 17 18 18 18 18 18 21 22 24 27 33 27 25 22 19 18 18 18 18 19 19 19 20 21 21 22 23 24 29 32 37 40 43 47 46 49 52 50 47 43 41 39 37 35 34 34 34 32
29 28 30 30 30 29 29 33 36 34 34 35 38 38 37 32 34 33 36 38 41 42 42 47 51 39 31 27 23 22 20 19 19 17 17 17 17 17 17 16 18 18 18 18 18 18 18 20 22 23 27 28 27 26 22 18 18 18 18 18 18 19 19 19 21 21 21 23 24 27 29 32 37 43 44 47 52 51 52 48 45 42 39 37 35 34 35 34 32
29 28 28 28 28 28 28 29 35 30 34 36 36 34 33 37 36 38 38 39 41 44 44 46 51 41 35 31 26 23 22 20 20 17 17 17 16 16 16 18 18 18 18 18 18 18 18 19 21 22 26 27 25 25 22 18 18 18 18 18 18 18 19 19 19 21 21 23 24 25 28 33 43 46 50 47 51 49 49 48 45 43 41 39 36 35 35 35 34
29 30 28 26 25 26 26 26 27 28 29 29 29 29 30 33 34 37 37 38 39 40 42 48 53 42 34 30 27 24 22 20 18 17 17 16 16 16 16 18 18 18 18 18 18 18 18 19 19 22 25 28 27 30 26 18 18 18 18 18 18 18 18 19 19 19 21 22 23 24 28 32 45 48 52 51 51 51 48 46 44 43 42 39 36 35 34 34 32
30 30 30 26 23 23 23 23 24 28 32 36 37 33 31 33 34 34 35 36 38 37 40 44 52 39 42 35 28 23 20 20 18 17 16 16 16 15 15 18 18 18 18 18 18 18 18 18 19 22 23 26 26 24 23 18 16 18 18 18 18 18 18 19 19 19 19 21 22 24 28 29 37 47 52 55 52 50 48 48 45 40 39 38 35 35 34 32 31
31 31 31 30 25 23 22 23 24 26 27 29 33 38 38 38 38 38 37 36 36 36 37 42 47 48 43 33 27 24 22 20 18 17 16 16 16 15 16 23 21 19 18 18 18 18 18 18 19 19 22 24 26 26 27 19 16 16 17 18 18 18 18 18 19 19 19 19 22 24 25 29 34 44 50 56 53 52 50 46 45 41 39 36 35 35 35 34 31
31 30 29 29 25 23 22 24 25 28 28 29 30 32 38 40 41 43 40 37 35 35 37 39 42 43 48 34 25 23 20 19 18 16 16 16 16 13 16 23 22 19 18 18 18 17 17 18 18 19 20 23 24 23 23 20 17 16 16 17 17 18 18 18 18 19 19 19 21 22 24 32 40 43 53 56 54 50 46 45 43 40 38 36 34 34 33 33 31
28 29 30 30 26 24 23 24 24 27 29 30 30 32 33 37 41 44 41 36 34 33 35 35 35 37 44 33 25 23 20 18 18 16 16 16 14 13 16 18 19 19 18 17 17 16 16 17 18 19 19 20 23 25 28 24 18 16 16 16 17 17 18 18 18 18 19 19 19 21 23 32 44 51 57 55 52 49 48 43 41 39 39 36 35 35 33 32 30
26 26 30 31 27 25 22 24 24 25 28 30 33 33 33 37 35 35 37 36 34 30 29 30 31 34 44 33 25 23 20 18 17 16 16 15 13 13 15 16 17 18 17 17 16 16 16 17 17 18 19 20 22 24 24 23 18 16 16 16 16 16 17 17 17 17 17 19 19 20 23 32 39 51 58 55 52 48 44 42 40 39 38 36 35 35 32 32 29
24 23 24 25 26 26 22 25 25 25 26 30 34 33 31 32 32 31 33 33 33 31 26 26 29 32 33 32 26 24 20 17 17 16 15 15 13 13 13 16 17 18 17 16 16 16 16 16 17 17 19 19 20 24 24 28 19 17 16 16 16 16 16 16 17 17 17 18 19 19 23 40 45 53 56 54 52 48 46 44 40 39 38 36 35 35 33 30 29
22 22 22 22 23 22 22 25 25 25 26 27 30 31 29 30 29 28 30 33 30 28 27 22 24 26 30 31 24 23 20 16 16 15 15 14 13 13 13 15 16 19 17 16 16 16 16 16 17 17 17 19 20 20 23 24 19 17 16 16 16 16 16 16 17 17 17 18 18 19 21 31 43 51 56 58 54 48 46 44 39 38 37 36 35 34 33 30 29
21 21 21 21 20 23 26 28 26 27 26 28 28 28 28 27 26 25 29 29 26 27 28 22 21 22 25 27 24 20 19 17 16 15 15 14 14 13 13 13 15 15 16 16 16 16 16 16 17 17 17 17 19 19 21 24 20 17 16 16 16 16 16 16 16 16 18 18 18 18 20 24 39 44 50 51 53 50 46 43 40 39 36 36 34 35 33 31 29
22 19 19 20 22 23 23 28 30 28 27 27 29 28 27 26 25 25 24 24 24 25 29 22 20 20 21 25 22 20 17 16 16 15 14 14 14 13 13 13 13 14 15 15 15 16 16 17 17 17 17 17 18 19 20 25 24 17 16 16 16 16 16 16 16 17 17 18 18 18 19 20 31 37 39 43 46 49 46 42 39 36 35 34 34 33 32 31 29
18 19 19 20 21 23 23 27 29 30 29 29 28 27 26 25 23 22 22 21 21 22 22 19 18 19 21 21 20 18 17 16 16 14 15 14 14 14 14 14 13 15 15 14 15 15 16 17 17 17 17 17 17 19 20 24 24 17 16 16 16 16 16 16 16 16 17 17 18 18 19 21 23 30 33 39 38 43 43 41 38 35 34 32 30 29 29 32 29
18 19 19 20 21 23 24 26 27 30 35 31 28 26 26 25 21 20 20 18 18 18 18 17 17 19 19 21 18 17 17 15 13 13 14 14 13 14 14 15 15 16 15 15 15 15 15 17 17 17 17 17 17 18 19 24 24 19 17 16 16 16 16 16 16 16 17 17 17 19 19 20 22 24 28 36 35 35 33 35 35 32 30 29 29 28 27 26 26
19 20 20 21 22 23 23 24 26 29 34 29 26 26 26 23 21 20 18 17 16 17 17 17 17 17 19 25 19 16 14 14 13 13 13 13 13 13 15 16 20 18 17 16 15 15 15 15 17 17 17 17 17 18 19 24 25 29 17 16 16 16 16 16 16 17 17 17 17 18 19 19 22 24 28 32 31 31 31 30 33 33 31 30 29 29 27 24 24
19 20 20 21 22 23 23 24 27 27 27 26 25 26 25 22 21 20 17 16 16 16 15 15 15 17 21 29 17 14 14 13 13 13 13 13 13 13 16 19 21 18 16 16 15 15 15 15 17 17 17 17 17 18 19 24 25 24 17 16 16 16 16 16 16 17 17 17 17 18 18 19 22 24 25 26 26 28 27 28 29 31 30 27 26 26 26 25 23
19 20 20 20 21 22 23 26 30 27 25 25 25 24 23 22 21 18 17 16 16 15 14 15 15 15 16 16 16 14 13 13 13 13 13 13 13 13 16 17 19 18 16 16 16 15 15 14 16 17 17 17 17 17 20 25 23 19 16 16 16 16 16 16 16 17 17 17 17 18 18 19 20 22 24 24 24 25 25 25 26 28 27 26 25 25 25 21 20
19 20 20 20 20 21 23 26 28 28 25 24 24 24 22 20 20 18 17 16 16 14 14 15 15 15 14 14 14 14 13 13 12 12 13 13 13 13 15 16 16 16 16 16 16 16 18 15 14 16 17 17 17 17 20 22 20 17 16 16 16 16 16 16 16 17 19 17 17 18 18 19 23 22 22 23 23 23 23 23 23 25 25 24 22 22 22 20 19
19 20 20 19 19 19 20 22 25 26 25 23 23 22 21 20 18 18 17 16 15 14 14 14 13 13 13 14 13 14 13 13 12 12 13 13 13 13 13 14 15 14 16 16 16 16 16 16 13 14 16 16 17 17 20 22 17 16 15 15 16 16 16 16 16 17 17 17 17 18 18 20 23 23 22 22 22 22 22 22 21 22 23 24 21 20 20 19 18
19 19 20 19 19 19 19 20 21 23 23 21 21 21 21 19 18 18 17 17 15 15 14 14 13 13 13 12 12 12 12 11 11 11 12 13 13 13 13 13 13 13 15 16 16 16 16 16 13 13 14 16 16 18 21 28 25 17 15 15 16 16 16 15 15 15 16 16 17 18 18 19 23 23 23 22 21 21 21 20 20 20 20 20 20 20 19 18 18
18 19 20 20 19 19 19 19 19 20 20 20 20 20 19 19 18 18 17 16 15 15 14 14 13 13 12 12 12 12 11 11 11 11 11 12 13 13 13 13 13 13 13 15 15 15 16 15 13 13 13 15 16 17 21 28 26 18 15 15 15 16 16 15 15 15 15 17 17 18 18 19 22 22 21 22 21 21 21 20 20 19 19 20 20 19 18 18 18
18 19 20 20 19 19 19 19 19 19 19 20 20 19 19 18 18 17 16 16 15 15 14 14 13 13 12 12 12 11 11 10 10 10 11 11 12 13 13 13 13 13 13 13 13 14 15 13 13 13 13 13 15 16 18 25 22 16 15 14 14 14 15 15 15 15 15 17 17 18 18 19 21 22 21 20 21 21 21 20 20 20 19 18 18 18 18 18 18
