env_data/lgm/bio17.asc
NCOLS 431 
NROWS 256 
XLLCORNER -119.999510913 
YLLCORNER 31.343939428 
CELLSIZE 0.0416666666658933 
NODATA_value -3.4e+38 
[rows 0 to 38 of 256, columns 178 to 266 of 431]
73 70 72 72 80 85 82 78 74 80 96 90 92 92 94 92 96 96 99 99 99 105 118 108 109 104 111 91 74 68 65 65 72 64 64 67 66 -3.4e+38 -3.4e+38 -3.4e+38 -3.4e+38 -3.4e+38 -3.4e+38 -3.4e+38 -3.4e+38 -3.4e+38 -3.4e+38 -3.4e+38 -3.4e+38 -3.4e+38 -3.4e+38 -3.4e+38 -3.4e+38 -3.4e+38 -3.4e+38 -3.4e+38 -3.4e+38 -3.4e+38 -3.4e+38 -3.4e+38 -3.4e+38 -3.4e+38 -3.4e+38 -3.4e+38 -3.4e+38 -3.4e+38 -3.4e+38 -3.4e+38 -3.4e+38 -3.4e+38 -3.4e+38 -3.4e+38 -3.4e+38 -3.4e+38 -3.4e+38 -3.4e+38 -3.4e+38 -3.4e+38 -3.4e+38 -3.4e+38 -3.4e+38 -3.4e+38 -3.4e+38 -3.4e+38 -3.4e+38 -3.4e+38 -3.4e+38 -3.4e+38 -3.4e+38
71 71 71 73 83 87 90 84 77 77 93 97 92 93 96 94 98 99 101 98 109 112 117 108 98 106 105 89 74 69 65 66 72 69 67 67 58 -3.4e+38 -3.4e+38 -3.4e+38 -3.4e+38 -3.4e+38 -3.4e+38 -3.4e+38 -3.4e+38 -3.4e+38 -3.4e+38 -3.4e+38 -3.4e+38 -3.4e+38 -3.4e+38 -3.4e+38 -3.4e+38 -3.4e+38 -3.4e+38 -3.4e+38 -3.4e+38 -3.4e+38 -3.4e+38 -3.4e+38 -3.4e+38 -3.4e+38 -3.4e+38 -3.4e+38 -3.4e+38 -3.4e+38 -3.4e+38 -3.4e+38 -3.4e+38 -3.4e+38 -3.4e+38 -3.4e+38 -3.4e+38 -3.4e+38 -3.4e+38 -3.4e+38 -3.4e+38 -3.4e+38 -3.4e+38 -3.4e+38 -3.4e+38 -3.4e+38 -3.4e+38 -3.4e+38 -3.4e+38 -3.4e+38 -3.4e+38 -3.4e+38 -3.4e+38
71 71 69 71 82 84 87 84 82 78 89 93 95 93 98 96 99 99 104 99 107 113 117 105 95 109 107 91 77 71 66 72 73 70 63 60 53 -3.4e+38 -3.4e+38 -3.4e+38 -3.4e+38 -3.4e+38 -3.4e+38 -3.4e+38 -3.4e+38 -3.4e+38 -3.4e+38 -3.4e+38 -3.4e+38 -3.4e+38 -3.4e+38 -3.4e+38 -3.4e+38 -3.4e+38 -3.4e+38 -3.4e+38 -3.4e+38 -3.4e+38 -3.4e+38 -3.4e+38 -3.4e+38 -3.4e+38 -3.4e+38 -3.4e+38 -3.4e+38 -3.4e+38 -3.4e+38 -3.4e+38 -3.4e+38 -3.4e+38 -3.4e+38 -3.4e+38 -3.4e+38 -3.4e+38 -3.4e+38 -3.4e+38 -3.4e+38 -3.4e+38 -3.4e+38 -3.4e+38 -3.4e+38 -3.4e+38 -3.4e+38 -3.4e+38 -3.4e+38 -3.4e+38 -3.4e+38 -3.4e+38 -3.4e+38
69 73 69 69 77 80 83 90 90 83 83 87 96 93 96 97 99 100 104 101 108 116 109 99 94 113 108 90 77 71 66 77 76 65 57 57 48 -3.4e+38 -3.4e+38 -3.4e+38 -3.4e+38 -3.4e+38 -3.4e+38 -3.4e+38 -3.4e+38 -3.4e+38 -3.4e+38 -3.4e+38 -3.4e+38 -3.4e+38 -3.4e+38 -3.4e+38 -3.4e+38 -3.4e+38 -3.4e+38 -3.4e+38 -3.4e+38 -3.4e+38 -3.4e+38 -3.4e+38 -3.4e+38 -3.4e+38 -3.4e+38 -3.4e+38 -3.4e+38 -3.4e+38 -3.4e+38 -3.4e+38 -3.4e+38 -3.4e+38 -3.4e+38 -3.4e+38 -3.4e+38 -3.4e+38 -3.4e+38 -3.4e+38 -3.4e+38 -3.4e+38 -3.4e+38 -3.4e+38 -3.4e+38 -3.4e+38 -3.4e+38 -3.4e+38 -3.4e+38 -3.4e+38 -3.4e+38 -3.4e+38 -3.4e+38
74 78 68 69 75 83 82 90 91 83 83 87 93 97 97 98 102 102 104 102 109 110 100 96 96 107 105 94 78 73 72 80 74 66 57 51 46 -3.4e+38 -3.4e+38 -3.4e+38 -3.4e+38 -3.4e+38 -3.4e+38 -3.4e+38 -3.4e+38 -3.4e+38 -3.4e+38 -3.4e+38 -3.4e+38 -3.4e+38 -3.4e+38 -3.4e+38 -3.4e+38 -3.4e+38 -3.4e+38 -3.4e+38 -3.4e+38 -3.4e+38 -3.4e+38 -3.4e+38 -3.4e+38 -3.4e+38 -3.4e+38 -3.4e+38 -3.4e+38 -3.4e+38 -3.4e+38 -3.4e+38 -3.4e+38 -3.4e+38 -3.4e+38 -3.4e+38 -3.4e+38 -3.4e+38 -3.4e+38 -3.4e+38 -3.4e+38 -3.4e+38 -3.4e+38 -3.4e+38 -3.4e+38 -3.4e+38 -3.4e+38 -3.4e+38 -3.4e+38 -3.4e+38 -3.4e+38 -3.4e+38 -3.4e+38
79 79 68 67 75 84 82 79 94 87 84 88 98 100 98 98 102 102 104 104 104 102 101 97 100 106 98 98 85 84 83 81 70 63 54 48 45 -3.4e+38 -3.4e+38 -3.4e+38 -3.4e+38 -3.4e+38 -3.4e+38 -3.4e+38 -3.4e+38 -3.4e+38 -3.4e+38 -3.4e+38 -3.4e+38 -3.4e+38 -3.4e+38 -3.4e+38 -3.4e+38 -3.4e+38 -3.4e+38 -3.4e+38 -3.4e+38 -3.4e+38 -3.4e+38 -3.4e+38 -3.4e+38 -3.4e+38 -3.4e+38 -3.4e+38 -3.4e+38 -3.4e+38 -3.4e+38 -3.4e+38 -3.4e+38 -3.4e+38 -3.4e+38 -3.4e+38 -3.4e+38 -3.4e+38 -3.4e+38 -3.4e+38 -3.4e+38 -3.4e+38 -3.4e+38 -3.4e+38 -3.4e+38 -3.4e+38 -3.4e+38 -3.4e+38 -3.4e+38 -3.4e+38 -3.4e+38 -3.4e+38 -3.4e+38
77 75 69 67 75 85 79 77 84 82 85 87 105 103 100 100 102 102 105 104 109 114 106 102 104 102 95 96 98 93 89 72 64 59 51 47 48 -3.4e+38 -3.4e+38 -3.4e+38 -3.4e+38 -3.4e+38 -3.4e+38 -3.4e+38 -3.4e+38 -3.4e+38 -3.4e+38 -3.4e+38 -3.4e+38 -3.4e+38 -3.4e+38 -3.4e+38 -3.4e+38 -3.4e+38 -3.4e+38 -3.4e+38 -3.4e+38 -3.4e+38 -3.4e+38 -3.4e+38 -3.4e+38 -3.4e+38 -3.4e+38 -3.4e+38 -3.4e+38 -3.4e+38 -3.4e+38 -3.4e+38 -3.4e+38 -3.4e+38 -3.4e+38 -3.4e+38 -3.4e+38 -3.4e+38 -3.4e+38 -3.4e+38 -3.4e+38 -3.4e+38 -3.4e+38 -3.4e+38 -3.4e+38 -3.4e+38 -3.4e+38 -3.4e+38 -3.4e+38 -3.4e+38 -3.4e+38 -3.4e+38 -3.4e+38
72 71 74 71 83 86 79 77 80 82 85 87 105 107 105 101 102 102 105 108 118 115 104 100 102 98 100 105 106 101 90 71 62 56 50 49 63 -3.4e+38 -3.4e+38 -3.4e+38 -3.4e+38 -3.4e+38 -3.4e+38 -3.4e+38 -3.4e+38 -3.4e+38 -3.4e+38 -3.4e+38 -3.4e+38 -3.4e+38 -3.4e+38 -3.4e+38 -3.4e+38 -3.4e+38 -3.4e+38 -3.4e+38 -3.4e+38 -3.4e+38 -3.4e+38 -3.4e+38 -3.4e+38 -3.4e+38 -3.4e+38 -3.4e+38 -3.4e+38 -3.4e+38 -3.4e+38 -3.4e+38 -3.4e+38 -3.4e+38 -3.4e+38 -3.4e+38 -3.4e+38 -3.4e+38 -3.4e+38 -3.4e+38 -3.4e+38 -3.4e+38 -3.4e+38 -3.4e+38 -3.4e+38 -3.4e+38 -3.4e+38 -3.4e+38 -3.4e+38 -3.4e+38 -3.4e+38 -3.4e+38 -3.4e+38
73 71 69 69 76 79 76 77 81 82 87 89 101 113 109 104 104 104 109 109 108 105 105 103 98 96 105 108 108 97 85 72 62 53 50 76 67 -3.4e+38 -3.4e+38 -3.4e+38 -3.4e+38 -3.4e+38 -3.4e+38 -3.4e+38 -3.4e+38 -3.4e+38 -3.4e+38 -3.4e+38 -3.4e+38 -3.4e+38 -3.4e+38 -3.4e+38 -3.4e+38 -3.4e+38 -3.4e+38 -3.4e+38 -3.4e+38 -3.4e+38 -3.4e+38 -3.4e+38 -3.4e+38 -3.4e+38 -3.4e+38 -3.4e+38 -3.4e+38 -3.4e+38 -3.4e+38 -3.4e+38 -3.4e+38 -3.4e+38 -3.4e+38 -3.4e+38 -3.4e+38 -3.4e+38 -3.4e+38 -3.4e+38 -3.4e+38 -3.4e+38 -3.4e+38 -3.4e+38 -3.4e+38 -3.4e+38 -3.4e+38 -3.4e+38 -3.4e+38 -3.4e+38 -3.4e+38 -3.4e+38 -3.4e+38
72 75 68 68 71 73 76 79 88 84 88 89 95 108 109 107 108 108 109 108 109 108 104 102 99 97 110 116 107 91 80 71 67 53 47 59 50 -3.4e+38 -3.4e+38 -3.4e+38 -3.4e+38 -3.4e+38 -3.4e+38 -3.4e+38 -3.4e+38 -3.4e+38 -3.4e+38 -3.4e+38 -3.4e+38 -3.4e+38 -3.4e+38 -3.4e+38 -3.4e+38 -3.4e+38 -3.4e+38 -3.4e+38 -3.4e+38 -3.4e+38 -3.4e+38 -3.4e+38 -3.4e+38 -3.4e+38 -3.4e+38 -3.4e+38 -3.4e+38 -3.4e+38 -3.4e+38 -3.4e+38 -3.4e+38 -3.4e+38 -3.4e+38 -3.4e+38 -3.4e+38 -3.4e+38 -3.4e+38 -3.4e+38 -3.4e+38 -3.4e+38 -3.4e+38 -3.4e+38 -3.4e+38 -3.4e+38 -3.4e+38 -3.4e+38 -3.4e+38 -3.4e+38 -3.4e+38 -3.4e+38 -3.4e+38
80 80 68 69 72 74 77 79 82 85 88 89 95 105 112 110 112 109 109 110 111 114 110 104 100 102 114 115 103 96 87 84 68 54 48 52 45 -3.4e+38 -3.4e+38 -3.4e+38 -3.4e+38 -3.4e+38 -3.4e+38 -3.4e+38 -3.4e+38 -3.4e+38 -3.4e+38 -3.4e+38 -3.4e+38 -3.4e+38 -3.4e+38 -3.4e+38 -3.4e+38 -3.4e+38 -3.4e+38 -3.4e+38 -3.4e+38 -3.4e+38 -3.4e+38 -3.4e+38 -3.4e+38 -3.4e+38 -3.4e+38 -3.4e+38 -3.4e+38 -3.4e+38 -3.4e+38 -3.4e+38 -3.4e+38 -3.4e+38 -3.4e+38 -3.4e+38 -3.4e+38 -3.4e+38 -3.4e+38 -3.4e+38 -3.4e+38 -3.4e+38 -3.4e+38 -3.4e+38 -3.4e+38 -3.4e+38 -3.4e+38 -3.4e+38 -3.4e+38 -3.4e+38 -3.4e+38 -3.4e+38 -3.4e+38
79 87 75 71 73 74 77 80 83 85 88 90 95 100 112 112 113 114 111 112 110 111 111 105 103 114 121 112 106 100 92 83 66 55 48 46 45 -3.4e+38 -3.4e+38 -3.4e+38 -3.4e+38 -3.4e+38 -3.4e+38 -3.4e+38 -3.4e+38 -3.4e+38 -3.4e+38 -3.4e+38 -3.4e+38 -3.4e+38 -3.4e+38 -3.4e+38 -3.4e+38 -3.4e+38 -3.4e+38 -3.4e+38 -3.4e+38 -3.4e+38 -3.4e+38 -3.4e+38 -3.4e+38 -3.4e+38 -3.4e+38 -3.4e+38 -3.4e+38 -3.4e+38 -3.4e+38 -3.4e+38 -3.4e+38 -3.4e+38 -3.4e+38 -3.4e+38 -3.4e+38 -3.4e+38 -3.4e+38 -3.4e+38 -3.4e+38 -3.4e+38 -3.4e+38 -3.4e+38 -3.4e+38 -3.4e+38 -3.4e+38 -3.4e+38 -3.4e+38 -3.4e+38 -3.4e+38 -3.4e+38 -3.4e+38
73 83 85 73 74 76 79 80 85 85 89 92 96 104 113 113 114 113 113 111 115 112 110 106 109 117 124 112 107 100 93 79 72 58 52 49 49 -3.4e+38 -3.4e+38 -3.4e+38 -3.4e+38 -3.4e+38 -3.4e+38 -3.4e+38 -3.4e+38 -3.4e+38 -3.4e+38 -3.4e+38 -3.4e+38 -3.4e+38 -3.4e+38 -3.4e+38 -3.4e+38 -3.4e+38 -3.4e+38 -3.4e+38 -3.4e+38 -3.4e+38 -3.4e+38 -3.4e+38 -3.4e+38 -3.4e+38 -3.4e+38 -3.4e+38 -3.4e+38 -3.4e+38 -3.4e+38 -3.4e+38 -3.4e+38 -3.4e+38 -3.4e+38 -3.4e+38 -3.4e+38 -3.4e+38 -3.4e+38 -3.4e+38 -3.4e+38 -3.4e+38 -3.4e+38 -3.4e+38 -3.4e+38 -3.4e+38 -3.4e+38 -3.4e+38 -3.4e+38 -3.4e+38 -3.4e+38 -3.4e+38 -3.4e+38
66 72 90 75 74 76 79 81 85 87 90 93 98 110 117 114 116 114 115 113 120 117 113 110 113 120 121 111 106 104 103 90 72 59 55 51 50 -3.4e+38 -3.4e+38 -3.4e+38 -3.4e+38 -3.4e+38 -3.4e+38 -3.4e+38 -3.4e+38 -3.4e+38 -3.4e+38 -3.4e+38 -3.4e+38 -3.4e+38 -3.4e+38 -3.4e+38 -3.4e+38 -3.4e+38 -3.4e+38 -3.4e+38 -3.4e+38 -3.4e+38 -3.4e+38 -3.4e+38 -3.4e+38 -3.4e+38 -3.4e+38 -3.4e+38 -3.4e+38 -3.4e+38 -3.4e+38 -3.4e+38 -3.4e+38 -3.4e+38 -3.4e+38 -3.4e+38 -3.4e+38 -3.4e+38 -3.4e+38 -3.4e+38 -3.4e+38 -3.4e+38 -3.4e+38 -3.4e+38 -3.4e+38 -3.4e+38 -3.4e+38 -3.4e+38 -3.4e+38 -3.4e+38 -3.4e+38 -3.4e+38 -3.4e+38
67 75 94 81 76 78 80 82 86 87 92 94 99 111 123 117 116 115 119 119 121 117 117 111 114 118 120 116 113 112 102 89 71 61 58 53 52 -3.4e+38 -3.4e+38 -3.4e+38 -3.4e+38 -3.4e+38 -3.4e+38 -3.4e+38 -3.4e+38 -3.4e+38 -3.4e+38 -3.4e+38 -3.4e+38 -3.4e+38 -3.4e+38 -3.4e+38 -3.4e+38 -3.4e+38 -3.4e+38 -3.4e+38 -3.4e+38 -3.4e+38 -3.4e+38 -3.4e+38 -3.4e+38 -3.4e+38 -3.4e+38 -3.4e+38 -3.4e+38 -3.4e+38 -3.4e+38 -3.4e+38 -3.4e+38 -3.4e+38 -3.4e+38 -3.4e+38 -3.4e+38 -3.4e+38 -3.4e+38 -3.4e+38 -3.4e+38 -3.4e+38 -3.4e+38 -3.4e+38 -3.4e+38 -3.4e+38 -3.4e+38 -3.4e+38 -3.4e+38 -3.4e+38 -3.4e+38 -3.4e+38 -3.4e+38
67 72 83 83 76 78 81 83 87 89 92 95 99 104 117 119 118 116 118 123 125 114 116 110 112 113 117 120 116 110 106 90 73 67 61 59 60 -3.4e+38 -3.4e+38 -3.4e+38 -3.4e+38 -3.4e+38 -3.4e+38 -3.4e+38 -3.4e+38 -3.4e+38 -3.4e+38 -3.4e+38 -3.4e+38 -3.4e+38 -3.4e+38 -3.4e+38 -3.4e+38 -3.4e+38 -3.4e+38 -3.4e+38 -3.4e+38 -3.4e+38 -3.4e+38 -3.4e+38 -3.4e+38 -3.4e+38 -3.4e+38 -3.4e+38 -3.4e+38 -3.4e+38 -3.4e+38 -3.4e+38 -3.4e+38 -3.4e+38 -3.4e+38 -3.4e+38 -3.4e+38 -3.4e+38 -3.4e+38 -3.4e+38 -3.4e+38 -3.4e+38 -3.4e+38 -3.4e+38 -3.4e+38 -3.4e+38 -3.4e+38 -3.4e+38 -3.4e+38 -3.4e+38 -3.4e+38 -3.4e+38 -3.4e+38
68 69 83 97 81 78 82 84 88 89 93 96 98 100 106 113 119 114 116 117 116 115 112 111 108 111 117 116 111 106 104 94 77 74 68 69 70 -3.4e+38 -3.4e+38 -3.4e+38 -3.4e+38 -3.4e+38 -3.4e+38 -3.4e+38 -3.4e+38 -3.4e+38 -3.4e+38 -3.4e+38 -3.4e+38 -3.4e+38 -3.4e+38 -3.4e+38 -3.4e+38 -3.4e+38 -3.4e+38 -3.4e+38 -3.4e+38 -3.4e+38 -3.4e+38 -3.4e+38 -3.4e+38 -3.4e+38 -3.4e+38 -3.4e+38 -3.4e+38 -3.4e+38 -3.4e+38 -3.4e+38 -3.4e+38 -3.4e+38 -3.4e+38 -3.4e+38 -3.4e+38 -3.4e+38 -3.4e+38 -3.4e+38 -3.4e+38 -3.4e+38 -3.4e+38 -3.4e+38 -3.4e+38 -3.4e+38 -3.4e+38 -3.4e+38 -3.4e+38 -3.4e+38 -3.4e+38 -3.4e+38 -3.4e+38
69 71 83 96 81 80 83 84 89 90 94 97 98 98 101 115 121 119 114 112 114 115 114 111 112 111 113 116 108 103 101 97 89 83 74 71 70 -3.4e+38 -3.4e+38 -3.4e+38 -3.4e+38 -3.4e+38 -3.4e+38 -3.4e+38 -3.4e+38 -3.4e+38 -3.4e+38 -3.4e+38 -3.4e+38 -3.4e+38 -3.4e+38 -3.4e+38 -3.4e+38 -3.4e+38 -3.4e+38 -3.4e+38 -3.4e+38 -3.4e+38 -3.4e+38 -3.4e+38 -3.4e+38 -3.4e+38 -3.4e+38 -3.4e+38 -3.4e+38 -3.4e+38 -3.4e+38 -3.4e+38 -3.4e+38 -3.4e+38 -3.4e+38 -3.4e+38 -3.4e+38 -3.4e+38 -3.4e+38 -3.4e+38 -3.4e+38 -3.4e+38 -3.4e+38 -3.4e+38 -3.4e+38 -3.4e+38 -3.4e+38 -3.4e+38 -3.4e+38 -3.4e+38 -3.4e+38 -3.4e+38 -3.4e+38
69 71 76 83 78 80 83 85 89 91 94 96 99 99 100 107 120 120 118 116 113 115 116 122 123 119 117 109 106 98 102 98 95 88 80 72 70 -3.4e+38 -3.4e+38 -3.4e+38 -3.4e+38 -3.4e+38 -3.4e+38 -3.4e+38 -3.4e+38 -3.4e+38 -3.4e+38 -3.4e+38 -3.4e+38 -3.4e+38 -3.4e+38 -3.4e+38 -3.4e+38 -3.4e+38 -3.4e+38 -3.4e+38 -3.4e+38 -3.4e+38 -3.4e+38 -3.4e+38 -3.4e+38 -3.4e+38 -3.4e+38 -3.4e+38 -3.4e+38 -3.4e+38 -3.4e+38 -3.4e+38 -3.4e+38 -3.4e+38 -3.4e+38 -3.4e+38 -3.4e+38 -3.4e+38 -3.4e+38 -3.4e+38 -3.4e+38 -3.4e+38 -3.4e+38 -3.4e+38 -3.4e+38 -3.4e+38 -3.4e+38 -3.4e+38 -3.4e+38 -3.4e+38 -3.4e+38 -3.4e+38 -3.4e+38
68 72 73 76 80 82 83 86 90 91 95 96 99 100 102 111 126 123 118 116 116 115 117 117 126 114 111 104 99 100 101 99 96 88 80 77 77 -3.4e+38 -3.4e+38 -3.4e+38 -3.4e+38 -3.4e+38 -3.4e+38 -3.4e+38 -3.4e+38 -3.4e+38 -3.4e+38 -3.4e+38 -3.4e+38 -3.4e+38 -3.4e+38 -3.4e+38 -3.4e+38 -3.4e+38 -3.4e+38 -3.4e+38 -3.4e+38 -3.4e+38 -3.4e+38 -3.4e+38 -3.4e+38 -3.4e+38 -3.4e+38 -3.4e+38 -3.4e+38 -3.4e+38 -3.4e+38 -3.4e+38 -3.4e+38 -3.4e+38 -3.4e+38 -3.4e+38 -3.4e+38 -3.4e+38 -3.4e+38 -3.4e+38 -3.4e+38 -3.4e+38 -3.4e+38 -3.4e+38 -3.4e+38 -3.4e+38 -3.4e+38 -3.4e+38 -3.4e+38 -3.4e+38 -3.4e+38 -3.4e+38 -3.4e+38
69 71 74 76 79 82 84 86 89 91 95 96 97 100 103 105 118 121 114 111 118 121 122 122 121 109 106 102 103 107 105 102 98 84 75 78 83 -3.4e+38 -3.4e+38 -3.4e+38 -3.4e+38 -3.4e+38 -3.4e+38 -3.4e+38 -3.4e+38 -3.4e+38 -3.4e+38 -3.4e+38 -3.4e+38 -3.4e+38 -3.4e+38 -3.4e+38 -3.4e+38 -3.4e+38 -3.4e+38 -3.4e+38 -3.4e+38 -3.4e+38 -3.4e+38 -3.4e+38 -3.4e+38 -3.4e+38 -3.4e+38 -3.4e+38 -3.4e+38 -3.4e+38 -3.4e+38 -3.4e+38 -3.4e+38 -3.4e+38 -3.4e+38 -3.4e+38 -3.4e+38 -3.4e+38 -3.4e+38 -3.4e+38 -3.4e+38 -3.4e+38 -3.4e+38 -3.4e+38 -3.4e+38 -3.4e+38 -3.4e+38 -3.4e+38 -3.4e+38 -3.4e+38 -3.4e+38 -3.4e+38 -3.4e+38
69 72 75 76 78 82 84 86 89 92 94 94 97 99 103 106 119 130 122 112 115 119 127 114 113 108 106 107 111 108 102 97 89 82 81 89 90 -3.4e+38 -3.4e+38 -3.4e+38 -3.4e+38 -3.4e+38 -3.4e+38 -3.4e+38 -3.4e+38 -3.4e+38 -3.4e+38 -3.4e+38 -3.4e+38 -3.4e+38 -3.4e+38 -3.4e+38 -3.4e+38 -3.4e+38 -3.4e+38 -3.4e+38 -3.4e+38 -3.4e+38 -3.4e+38 -3.4e+38 -3.4e+38 -3.4e+38 -3.4e+38 -3.4e+38 -3.4e+38 -3.4e+38 -3.4e+38 -3.4e+38 -3.4e+38 -3.4e+38 -3.4e+38 -3.4e+38 -3.4e+38 -3.4e+38 -3.4e+38 -3.4e+38 -3.4e+38 -3.4e+38 -3.4e+38 -3.4e+38 -3.4e+38 -3.4e+38 -3.4e+38 -3.4e+38 -3.4e+38 -3.4e+38 -3.4e+38 -3.4e+38 -3.4e+38
71 72 74 76 79 81 83 87 90 91 93 94 95 96 99 102 118 132 123 117 108 112 116 113 110 105 105 111 111 104 94 93 90 92 94 101 94 -3.4e+38 -3.4e+38 -3.4e+38 -3.4e+38 -3.4e+38 -3.4e+38 -3.4e+38 -3.4e+38 -3.4e+38 -3.4e+38 -3.4e+38 -3.4e+38 -3.4e+38 -3.4e+38 -3.4e+38 -3.4e+38 -3.4e+38 -3.4e+38 -3.4e+38 -3.4e+38 -3.4e+38 -3.4e+38 -3.4e+38 -3.4e+38 -3.4e+38 -3.4e+38 -3.4e+38 -3.4e+38 -3.4e+38 -3.4e+38 -3.4e+38 -3.4e+38 -3.4e+38 -3.4e+38 -3.4e+38 -3.4e+38 -3.4e+38 -3.4e+38 -3.4e+38 -3.4e+38 -3.4e+38 -3.4e+38 -3.4e+38 -3.4e+38 -3.4e+38 -3.4e+38 -3.4e+38 -3.4e+38 -3.4e+38 -3.4e+38 -3.4e+38 -3.4e+38
70 73 74 76 79 81 83 88 93 92 93 93 93 95 98 100 111 126 128 120 114 108 116 113 114 105 103 108 104 99 102 104 98 95 102 108 92 -3.4e+38 -3.4e+38 -3.4e+38 -3.4e+38 -3.4e+38 -3.4e+38 -3.4e+38 -3.4e+38 -3.4e+38 -3.4e+38 -3.4e+38 -3.4e+38 -3.4e+38 -3.4e+38 -3.4e+38 -3.4e+38 -3.4e+38 -3.4e+38 -3.4e+38 -3.4e+38 -3.4e+38 -3.4e+38 -3.4e+38 -3.4e+38 -3.4e+38 -3.4e+38 -3.4e+38 -3.4e+38 -3.4e+38 -3.4e+38 -3.4e+38 -3.4e+38 -3.4e+38 -3.4e+38 -3.4e+38 -3.4e+38 -3.4e+38 -3.4e+38 -3.4e+38 -3.4e+38 -3.4e+38 -3.4e+38 -3.4e+38 -3.4e+38 -3.4e+38 -3.4e+38 -3.4e+38 -3.4e+38 -3.4e+38 -3.4e+38 -3.4e+38 -3.4e+38
70 73 74 76 79 80 85 86 100 92 90 90 92 93 96 97 100 123 129 122 120 111 116 117 114 106 104 100 100 101 103 100 92 98 106 97 90 90 95 99 100 94 99 107 121 120 117 110 110 113 110 112 109 109 102 96 80 72 68 71 68 56 53 73 73 47 40 35 31 30 31 31 31 34 35 38 40 42 45 42 36 38 45 55 62 66 64 68 58
69 71 74 75 79 81 85 85 97 97 92 92 93 93 95 96 99 120 130 124 121 118 116 113 112 110 108 102 94 97 99 91 94 90 89 95 103 106 108 110 108 100 99 104 111 123 118 110 110 117 117 118 113 117 108 113 105 94 95 98 89 83 80 87 71 59 55 42 35 34 32 36 42 40 38 38 40 42 44 45 37 41 41 48 61 62 60 60 64
69 76 74 75 78 80 82 83 87 94 89 91 92 92 93 93 96 110 123 130 122 124 118 113 110 114 114 103 96 98 102 99 95 95 102 105 107 120 126 116 109 107 104 115 122 125 120 121 120 121 126 122 123 121 123 119 118 120 121 112 111 112 103 92 82 77 65 64 55 46 45 40 42 40 41 40 41 43 36 39 36 34 33 35 36 44 47 55 62
68 81 79 75 77 78 80 80 82 88 86 89 92 92 93 93 99 118 123 134 135 130 126 113 111 121 131 112 97 99 109 109 104 101 116 124 126 130 129 119 120 111 112 117 125 129 129 132 125 129 137 132 133 140 137 137 129 140 135 123 126 120 117 113 100 85 73 70 62 58 55 59 58 68 60 58 65 59 59 50 51 39 34 34 32 32 32 34 43
67 76 79 75 77 78 77 80 80 83 84 87 90 90 90 91 110 119 122 122 123 118 122 113 115 123 118 103 97 101 113 123 115 108 117 121 110 110 123 126 123 118 118 131 129 135 140 138 137 135 143 143 137 151 150 144 142 142 142 144 143 133 137 130 121 110 103 98 102 102 98 106 97 94 74 67 75 60 62 54 59 54 47 41 41 35 31 31 31
67 71 71 72 74 75 76 76 79 81 79 79 86 89 90 90 91 101 120 119 118 116 119 114 113 116 108 105 97 99 110 111 108 101 112 110 126 124 112 126 127 134 128 137 138 139 140 143 144 141 149 145 148 149 139 137 125 125 141 135 135 126 124 134 136 129 126 115 111 108 102 103 91 91 73 76 75 58 55 58 56 54 54 47 54 50 42 36 31
66 68 69 71 73 75 76 76 83 87 89 87 85 86 86 87 88 91 107 119 118 118 119 122 110 105 104 104 101 95 95 95 107 115 124 118 125 132 127 127 132 134 134 139 135 136 141 135 134 137 140 134 138 148 144 134 126 116 139 134 125 116 129 132 126 132 124 116 109 99 98 95 94 80 75 70 70 64 62 62 55 52 50 53 65 53 50 52 34
69 66 67 70 70 74 76 79 105 112 107 93 88 86 86 86 86 89 98 117 121 132 137 144 120 106 106 103 109 101 92 92 118 128 130 130 129 132 134 129 134 123 131 137 127 128 140 134 119 137 136 122 139 131 148 135 126 107 131 133 126 110 123 123 115 120 121 113 107 96 89 85 75 74 67 65 62 61 58 58 58 55 55 50 53 50 53 55 47
77 68 67 68 70 73 76 83 104 115 111 102 98 92 88 84 85 85 93 121 128 138 134 144 144 122 112 98 101 100 92 92 108 105 117 120 121 122 126 119 119 123 128 125 123 118 132 130 114 130 133 119 126 120 131 133 125 107 104 114 111 112 99 106 110 106 93 82 94 86 73 80 69 60 57 54 49 54 57 55 54 57 55 55 61 52 47 44 52
83 72 68 68 71 74 77 80 105 118 113 104 98 91 86 82 83 89 96 115 142 143 144 144 144 140 128 98 95 95 92 91 96 105 106 100 106 117 115 124 111 129 131 125 112 121 132 126 118 106 120 122 110 98 112 114 109 115 86 78 103 106 90 74 106 96 84 71 72 82 66 63 54 44 41 40 41 44 54 60 57 50 49 51 47 61 48 52 60
83 76 72 72 72 75 80 85 95 112 111 102 95 88 84 79 82 88 99 117 134 142 141 140 141 113 107 89 98 101 99 97 97 96 95 101 113 110 120 121 102 119 132 125 117 102 115 121 121 101 95 113 117 97 90 93 91 97 85 67 70 80 61 58 72 68 57 53 56 54 46 43 43 41 40 40 40 41 44 46 44 41 41 41 44 59 45 52 57
85 79 76 72 73 77 86 94 107 116 108 102 90 85 79 77 77 84 113 137 141 140 139 133 136 108 89 85 85 93 97 104 110 105 105 109 109 116 118 119 111 92 121 121 128 116 106 88 101 110 93 78 89 80 85 80 72 69 64 63 54 53 48 45 48 48 48 47 57 63 45 41 38 38 40 42 40 40 41 41 40 40 39 41 53 46 40 42 47
91 82 79 81 82 81 97 99 116 117 111 104 98 96 83 76 85 103 107 106 118 137 113 127 120 100 89 85 84 84 89 100 109 117 117 118 116 114 109 101 101 92 93 100 100 104 117 92 71 87 85 76 68 68 73 69 65 60 54 51 48 45 44 41 41 38 41 44 49 50 42 39 38 38 38 38 39 40 42 47 44 41 52 60 52 47 44 41 41
98 85 79 78 78 82 96 107 121 117 107 104 101 101 100 82 79 89 85 88 108 118 119 118 102 94 90 91 98 90 96 108 120 122 120 112 111 105 99 90 87 86 71 77 77 87 101 96 75 66 69 68 67 61 63 61 56 53 49 42 43 42 39 38 37 37 38 41 41 41 40 42 38 38 38 38 39 40 39 39 40 45 55 65 68 68 65 65 52
101 88 76 71 74 79 93 115 111 120 107 95 88 84 88 75 72 74 80 81 104 118 135 115 97 94 92 87 89 104 99 108 120 122 118 113 108 117 110 96 87 87 87 67 62 67 87 96 80 60 64 61 61 56 55 54 50 50 47 41 39 38 37 36 35 34 36 37 37 37 38 38 40 39 38 38 39 39 39 39 41 42 49 69 74 74 71 66 62
