env_data/lgm/bio2.asc
NCOLS 431 
NROWS 256 
XLLCORNER -119.999510913 
YLLCORNER 31.343939428 
CELLSIZE 0.0416666666658933 
NODATA_value -3.4e+38 
[rows 185 to 221 of 256, columns 328 to 409 of 431]
171 169 169 169 169 171 171 171 172 170 169 167 164 166 167 168 167 167 169 170 171 172 173 174 174 175 176 176 177 178 178 178 179 179 179 178 177 179 179 179 179 177 177 177 177 177 177 176 176 177 176 176 175 173 171 169 168 167 166 165 165 165 165 165 164 164 163 163 162 161 161 160 160 159 159 160 161 161 161 -3.4e+38 -3.4e+38 -3.4e+38
173 171 170 169 170 172 171 171 170 170 168 165 161 159 163 166 167 168 168 167 170 172 174 174 175 176 177 177 178 179 179 180 181 180 180 180 178 179 181 180 180 180 179 178 178 179 178 178 178 178 177 176 175 174 172 170 168 168 167 165 164 165 164 164 165 165 164 164 164 163 163 162 162 162 161 162 161 162 163 -3.4e+38 -3.4e+38 -3.4e+38
173 171 169 169 171 171 171 172 172 170 169 166 165 160 162 166 168 167 167 169 170 171 173 175 175 177 177 178 179 179 179 180 181 181 181 181 180 180 181 181 181 181 181 180 179 179 179 179 179 179 177 177 175 174 172 171 170 169 168 166 165 165 164 164 165 165 164 165 164 165 165 165 165 164 163 163 163 163 164 -3.4e+38 -3.4e+38 -3.4e+38
174 171 169 168 170 172 172 172 172 171 169 168 167 166 166 167 168 168 169 169 171 172 174 175 176 178 179 179 180 180 179 181 181 181 181 181 181 181 181 181 180 181 181 181 181 180 179 180 180 178 177 177 176 174 173 173 171 170 169 167 165 165 165 165 164 164 165 165 165 165 165 166 166 165 165 165 164 164 164 -3.4e+38 -3.4e+38 -3.4e+38
173 171 170 169 168 172 172 172 172 171 170 169 168 168 168 168 168 169 170 171 172 172 175 176 177 178 179 180 180 181 181 181 182 182 182 182 181 181 182 181 181 182 182 182 182 181 180 180 180 179 178 177 176 175 174 173 172 171 169 168 166 165 165 165 165 165 165 165 165 165 165 165 165 165 165 166 165 165 165 -3.4e+38 -3.4e+38 -3.4e+38
174 172 170 168 168 171 172 172 172 172 171 170 170 170 170 167 168 169 171 172 174 175 175 177 178 179 180 181 181 181 182 182 182 183 183 183 182 181 182 182 182 182 182 182 181 182 181 181 181 180 179 179 178 177 176 174 173 172 170 168 167 167 167 167 167 166 165 165 165 166 165 165 165 165 165 166 166 166 165 -3.4e+38 -3.4e+38 -3.4e+38
173 171 170 168 168 171 171 171 172 173 172 172 172 171 171 169 169 169 171 172 173 174 175 177 177 179 180 181 182 182 182 182 183 183 183 183 182 182 181 182 181 182 182 182 181 181 181 182 182 181 180 180 179 178 175 174 172 171 170 169 168 167 167 167 166 166 165 165 166 166 165 165 165 165 165 165 165 165 165 -3.4e+38 -3.4e+38 -3.4e+38
172 171 169 167 167 171 171 171 173 174 174 175 174 173 172 170 170 171 171 172 173 173 174 175 177 178 180 181 182 182 183 183 183 183 183 183 183 182 182 182 181 181 181 182 182 182 182 182 182 182 180 180 179 178 176 175 174 172 170 169 168 168 167 167 167 166 165 165 165 166 166 166 165 165 165 165 165 165 165 -3.4e+38 -3.4e+38 -3.4e+38
172 170 166 167 167 169 173 172 173 175 175 174 174 173 172 168 168 169 171 172 173 174 175 176 177 178 179 181 182 182 183 183 183 183 183 184 183 183 182 182 182 181 180 181 181 181 182 182 182 183 181 180 179 178 177 176 174 173 170 169 168 167 167 167 166 166 165 165 166 165 166 166 165 165 165 165 165 165 166 -3.4e+38 -3.4e+38 -3.4e+38
172 169 164 165 167 169 172 174 175 176 175 175 174 171 168 166 164 167 170 171 173 174 175 176 177 178 180 180 182 182 183 184 184 184 184 184 183 183 183 183 183 182 181 181 182 183 183 183 183 183 182 180 179 179 178 176 175 173 172 170 169 168 168 168 167 166 166 166 166 166 166 166 166 166 166 166 166 167 166 -3.4e+38 -3.4e+38 -3.4e+38
170 167 164 166 166 168 170 174 176 176 176 175 173 169 168 161 162 166 169 171 172 173 175 176 178 179 180 181 181 182 183 183 183 183 184 183 184 183 184 183 183 183 183 183 182 182 183 183 183 184 182 180 179 178 177 177 175 174 173 172 170 169 168 168 167 167 167 167 166 167 167 167 167 167 167 167 167 167 167 -3.4e+38 -3.4e+38 -3.4e+38
168 167 164 167 169 170 172 175 176 177 177 175 173 168 165 164 166 168 169 171 172 173 174 175 177 178 180 181 182 182 183 183 182 183 184 184 183 183 183 184 183 184 184 184 183 183 183 184 185 184 182 181 180 179 178 177 176 175 174 173 171 170 169 168 169 169 168 168 168 168 168 168 168 168 169 168 168 168 167 -3.4e+38 -3.4e+38 -3.4e+38
164 166 165 166 170 173 175 174 175 176 177 176 173 163 165 163 163 167 171 172 173 174 175 176 177 177 178 179 181 181 182 182 182 182 183 183 182 183 183 184 184 183 184 184 184 185 185 185 185 184 183 181 180 180 179 178 177 176 175 174 172 171 170 170 169 169 169 169 168 169 169 169 169 169 169 169 168 168 168 -3.4e+38 -3.4e+38 -3.4e+38
163 165 169 169 171 175 176 173 175 178 178 177 175 171 162 155 159 165 168 170 172 173 174 175 175 176 177 179 180 181 181 181 182 182 182 182 182 182 182 183 184 184 184 185 184 184 185 186 185 184 183 181 181 181 179 179 178 177 176 175 173 172 171 171 170 170 170 170 169 169 170 169 169 169 169 169 169 169 168 -3.4e+38 -3.4e+38 -3.4e+38
171 172 172 173 174 177 176 174 177 178 178 177 176 170 150 154 159 164 167 169 169 170 172 172 174 176 178 179 181 181 181 182 182 182 183 182 182 182 182 182 183 184 185 185 185 185 186 186 186 184 182 182 181 181 180 179 178 177 176 175 174 173 172 171 171 171 170 171 170 170 170 170 170 170 170 169 169 169 169 -3.4e+38 -3.4e+38 -3.4e+38
171 175 174 175 176 178 177 177 178 178 177 176 175 173 169 163 154 158 164 158 154 160 159 162 166 170 175 178 179 180 181 181 182 182 183 182 182 182 182 183 183 184 185 186 186 187 187 187 186 184 183 183 182 181 180 179 179 178 178 176 175 174 173 172 171 171 171 171 171 171 171 171 171 171 171 170 170 170 169 -3.4e+38 -3.4e+38 -3.4e+38
167 175 176 176 178 179 178 178 178 177 175 173 171 169 169 160 159 161 164 163 160 148 142 143 148 150 161 175 178 179 180 180 181 182 182 182 182 182 182 183 183 183 184 186 187 187 187 187 185 184 183 183 182 181 180 180 180 178 177 176 176 175 173 173 172 172 172 172 172 172 172 172 171 172 171 171 171 170 170 -3.4e+38 -3.4e+38 -3.4e+38
170 176 178 178 179 179 178 177 175 175 170 168 161 156 163 161 160 164 165 168 168 166 163 161 159 159 164 175 176 177 178 179 181 181 181 181 181 181 181 181 181 183 184 185 186 187 187 187 186 184 184 183 182 181 181 180 180 179 178 177 176 176 174 173 173 173 173 173 173 173 172 172 172 172 172 172 171 171 170 -3.4e+38 -3.4e+38 -3.4e+38
175 177 178 179 179 178 176 174 173 171 163 161 148 148 154 157 160 163 165 167 169 169 169 167 169 170 173 176 177 178 179 179 180 181 180 180 180 180 180 179 181 182 183 184 186 187 187 187 185 185 184 183 182 182 181 181 180 179 178 178 177 176 174 174 174 174 173 174 173 174 173 173 173 173 173 172 172 171 171 -3.4e+38 -3.4e+38 -3.4e+38
179 179 179 179 178 176 175 173 169 165 162 149 143 146 148 154 158 160 163 164 164 163 168 171 171 172 173 174 176 178 179 179 180 180 180 180 180 179 179 179 180 181 182 183 184 186 187 186 185 184 183 183 182 182 182 181 180 180 179 178 177 177 176 175 176 176 175 175 175 175 174 175 175 174 174 174 173 172 172 -3.4e+38 -3.4e+38 -3.4e+38
180 179 179 179 177 175 174 171 164 163 157 143 139 142 145 152 156 158 160 163 165 167 169 171 173 173 172 174 176 177 177 178 179 179 179 179 179 179 178 178 178 179 180 181 182 184 185 184 184 184 183 183 183 182 181 181 181 180 179 178 177 176 175 175 175 176 176 176 176 176 176 176 176 176 175 174 174 173 172 -3.4e+38 -3.4e+38 -3.4e+38
180 179 179 178 177 176 174 171 167 168 163 145 131 136 145 150 154 155 159 163 168 167 168 171 175 175 175 175 174 175 176 178 178 179 179 178 178 178 177 177 177 177 178 179 180 182 183 183 183 183 183 182 182 182 181 181 180 180 179 178 176 175 175 176 176 176 176 176 177 177 177 177 177 177 176 175 174 174 172 -3.4e+38 -3.4e+38 -3.4e+38
180 179 178 178 177 176 174 172 170 168 161 146 133 139 146 154 155 157 162 160 161 162 166 169 172 175 176 177 176 176 177 176 177 178 178 178 177 177 177 176 176 176 175 176 178 180 181 183 182 182 182 182 182 182 181 181 180 180 179 178 175 175 176 176 176 177 177 177 177 178 178 178 178 178 177 176 175 174 173 -3.4e+38 -3.4e+38 -3.4e+38
180 179 178 177 176 175 173 172 169 165 153 149 146 141 148 153 156 155 152 151 158 161 164 168 171 172 174 175 174 175 176 177 177 177 177 177 177 176 176 175 175 174 173 173 175 178 180 181 181 181 181 181 182 182 181 181 180 180 179 178 175 175 175 176 176 176 177 178 178 178 179 179 180 179 177 176 175 174 173 -3.4e+38 -3.4e+38 -3.4e+38
179 179 178 177 176 175 173 171 168 160 149 156 154 145 149 150 148 147 148 149 155 159 164 167 169 170 172 173 173 174 175 175 176 176 176 176 176 176 175 175 174 173 172 172 174 176 178 180 179 181 181 180 181 182 181 181 180 179 179 178 176 175 175 176 176 176 177 178 178 179 179 180 180 179 178 176 175 174 173 -3.4e+38 -3.4e+38 -3.4e+38
179 178 177 176 175 174 173 170 166 162 160 159 152 146 146 146 145 145 148 150 154 155 163 166 169 169 171 173 173 174 175 175 175 176 175 175 175 175 175 174 173 173 172 173 174 176 178 180 180 180 181 180 181 181 180 180 180 179 178 178 176 175 175 176 176 177 177 177 178 179 179 179 179 178 177 176 175 174 173 -3.4e+38 -3.4e+38 -3.4e+38
179 178 177 176 175 173 172 170 165 164 158 153 150 146 147 144 142 144 147 151 155 159 163 165 168 169 171 172 174 174 174 174 174 175 175 175 175 174 174 174 173 173 173 174 175 176 178 179 180 180 181 180 180 180 180 180 179 179 178 178 176 175 175 176 176 177 177 177 178 178 178 178 178 177 176 175 174 174 173 -3.4e+38 -3.4e+38 -3.4e+38
180 178 177 176 174 173 171 170 167 166 162 157 149 149 147 141 142 142 145 148 153 158 163 165 168 168 170 172 173 174 174 174 175 175 175 175 174 174 174 174 173 173 173 174 175 176 178 179 180 180 180 180 180 180 180 180 180 179 178 177 175 174 175 175 175 176 176 177 177 178 177 177 177 177 176 175 174 173 172 -3.4e+38 -3.4e+38 -3.4e+38
180 179 177 176 174 172 170 169 167 165 160 148 146 141 144 141 142 143 144 148 151 155 158 163 166 169 169 171 173 173 174 174 174 174 174 175 174 174 174 174 174 174 174 174 175 176 178 179 180 180 180 180 180 180 179 179 179 179 178 177 174 174 174 175 175 176 176 176 176 176 176 176 176 176 175 174 173 172 171 -3.4e+38 -3.4e+38 -3.4e+38
180 179 177 175 173 171 170 168 167 165 160 144 142 139 139 139 140 144 147 148 150 153 158 163 167 171 171 172 174 173 173 174 174 173 174 174 174 174 174 174 174 174 174 175 175 177 178 179 180 180 180 180 180 179 179 178 178 178 177 175 173 174 174 175 175 175 175 176 176 175 176 175 175 174 174 173 172 172 171 -3.4e+38 -3.4e+38 -3.4e+38
180 179 177 175 173 171 170 168 168 165 162 152 143 138 136 137 140 142 144 147 152 155 158 165 168 171 174 174 174 174 174 173 173 174 174 174 174 174 174 174 174 175 175 176 176 178 178 179 180 180 180 179 179 179 178 177 177 176 175 172 172 173 174 174 174 175 174 175 175 175 174 174 173 173 173 172 171 170 170 -3.4e+38 -3.4e+38 -3.4e+38
181 179 178 175 173 171 169 168 167 165 162 157 145 139 134 136 139 140 144 146 150 155 162 167 168 167 170 173 174 173 173 173 173 173 173 173 173 173 174 174 175 175 176 177 177 178 179 180 180 180 179 178 179 179 178 177 176 176 175 172 172 173 173 173 174 174 174 174 174 174 173 173 172 172 171 171 170 170 169 -3.4e+38 -3.4e+38 -3.4e+38
181 180 178 176 173 170 169 168 167 166 157 147 143 136 134 134 139 143 143 146 151 157 162 167 170 172 171 173 174 173 173 173 173 173 173 173 173 173 173 174 175 175 176 177 178 178 180 180 179 179 178 178 178 178 177 177 176 176 175 173 171 172 173 173 173 173 173 173 173 172 172 172 171 171 170 169 169 168 168 -3.4e+38 -3.4e+38 -3.4e+38
182 181 179 177 173 170 169 168 168 167 158 143 137 132 134 136 138 140 145 149 154 155 161 165 164 171 172 173 173 172 172 172 173 172 172 172 172 172 173 173 174 175 175 176 177 179 180 180 179 179 178 178 177 177 177 177 176 176 175 174 172 172 172 173 173 173 173 172 172 172 171 171 170 170 169 169 168 167 167 -3.4e+38 -3.4e+38 -3.4e+38
184 182 181 179 175 170 169 169 169 167 157 148 136 131 133 136 140 144 146 150 152 156 159 161 160 169 170 172 172 172 172 172 172 171 171 171 171 172 172 172 173 174 175 176 177 179 180 181 180 179 178 178 177 176 176 176 176 176 176 174 174 173 172 172 172 172 172 171 171 171 170 169 169 168 168 167 167 166 166 -3.4e+38 -3.4e+38 -3.4e+38
184 184 183 182 177 174 172 171 170 167 146 142 134 132 134 135 138 141 144 148 152 155 158 159 162 168 171 171 171 171 171 172 171 171 171 171 171 171 172 172 172 173 174 176 177 179 180 181 180 178 177 176 175 176 176 176 176 176 175 174 174 173 173 172 171 171 171 171 170 170 169 168 168 167 167 166 166 166 165 -3.4e+38 -3.4e+38 -3.4e+38
185 184 184 184 181 177 174 173 172 170 155 142 135 132 131 133 137 140 143 148 152 155 158 161 163 166 169 170 170 170 170 171 170 170 170 170 170 171 171 172 172 173 174 175 177 178 180 181 179 177 175 175 175 175 176 176 176 176 174 174 173 174 173 172 171 170 170 170 169 168 168 167 167 166 166 165 164 164 164 -3.4e+38 -3.4e+38 -3.4e+38
