env_data/lgm/bio2.asc
NCOLS 431 
NROWS 256 
XLLCORNER -119.999510913 
YLLCORNER 31.343939428 
CELLSIZE 0.0416666666658933 
NODATA_value -3.4e+38 
[rows 111 to 147 of 256, columns 246 to 327 of 431]
169 174 174 174 178 175 177 176 175 175 176 179 181 182 182 183 185 186 185 184 180 176 178 170 171 169 171 174 174 173 170 166 163 167 165 165 165 166 164 163 165 165 170 172 172 181 173 173 175 176 176 177 177 176 174 171 176 182 185 178 179 186 188 187 186 190 187 191 187 168 172 152 152 141 145 149 154 154 155 153 160 162
168 174 176 174 178 177 178 178 178 176 177 179 180 180 181 184 185 186 184 183 181 177 169 164 169 175 176 175 172 169 166 159 162 167 165 163 163 166 166 167 167 168 171 173 177 180 175 176 175 175 177 179 178 179 179 176 176 184 181 176 180 185 188 190 191 193 194 191 184 165 156 147 151 148 146 152 147 153 161 148 158 165
166 175 177 180 180 179 180 178 179 178 179 178 181 181 182 184 184 184 183 179 173 161 152 152 164 174 174 166 155 155 155 157 157 163 162 163 163 164 165 166 167 169 171 173 177 178 176 178 178 177 178 181 181 182 180 180 180 185 179 176 187 187 189 191 192 195 196 192 187 180 161 161 167 144 147 146 143 145 161 153 162 167
170 178 179 176 171 174 175 175 177 177 176 179 182 183 183 183 185 184 183 180 173 160 151 156 170 176 165 154 154 154 154 156 157 161 162 162 164 165 166 167 167 168 172 175 176 180 179 180 181 180 181 183 183 182 178 180 184 188 186 188 191 193 192 192 193 195 195 191 189 185 175 183 172 149 149 146 151 158 167 160 165 168
174 175 175 177 174 172 172 173 176 175 176 177 180 183 183 182 184 184 184 182 179 172 164 169 177 178 160 158 156 158 157 158 158 162 160 163 165 166 166 167 168 169 168 173 178 180 179 180 182 183 183 184 184 180 175 177 183 188 190 191 190 190 187 186 194 195 193 194 190 187 183 174 155 163 153 145 147 149 153 167 161 166
175 172 172 174 175 172 170 171 175 175 174 175 178 180 183 185 185 185 185 184 182 180 178 180 181 177 166 164 164 166 161 165 164 162 162 164 166 167 168 168 169 168 169 175 178 179 179 181 182 183 185 185 185 181 176 180 187 188 188 187 183 190 192 189 193 194 193 192 190 187 171 157 157 180 163 144 146 150 155 165 168 168
173 170 169 171 174 173 172 172 174 173 169 172 173 179 181 184 184 184 184 183 183 183 182 182 183 179 171 165 168 169 169 166 162 162 162 164 166 169 168 169 169 171 169 174 177 178 177 178 179 181 184 184 184 182 177 179 186 184 182 185 186 190 191 190 196 196 193 188 190 185 178 171 163 180 156 147 158 147 147 155 165 164
170 167 168 169 171 172 172 172 172 172 171 173 175 178 179 183 184 184 185 185 184 184 184 185 184 180 177 176 175 174 170 167 163 162 161 163 166 170 169 171 171 172 171 172 176 177 175 172 173 178 182 182 183 183 182 182 185 181 186 186 190 192 193 194 194 194 192 191 191 188 188 181 179 181 157 159 166 156 154 156 160 159
165 169 168 168 169 170 168 171 171 171 172 175 177 176 179 182 184 185 185 187 186 186 186 186 184 177 173 168 170 166 166 164 163 162 160 161 165 171 172 172 172 172 171 172 173 174 173 172 174 175 178 180 180 181 181 183 184 185 186 188 190 191 192 193 187 185 179 189 191 189 191 189 185 179 166 162 173 162 160 162 163 162
165 169 170 169 167 168 168 170 170 170 171 174 175 175 179 182 183 185 186 186 185 185 185 184 182 178 174 173 171 173 169 165 163 164 165 164 168 172 173 173 171 169 170 172 173 172 171 172 174 175 174 177 178 179 180 181 182 182 182 185 189 189 189 192 190 191 186 194 193 184 181 184 175 178 179 176 171 177 168 157 160 162
167 169 170 170 168 166 166 166 167 169 171 172 173 174 178 180 179 183 186 186 185 185 185 184 183 181 181 180 179 175 162 165 168 165 166 169 170 173 173 172 169 169 172 173 174 171 170 171 172 173 173 174 175 176 178 179 180 182 183 184 186 188 188 190 192 193 196 196 194 188 187 186 181 181 180 182 181 173 163 158 159 159
167 167 166 167 169 169 168 164 162 166 166 168 169 169 171 173 175 180 183 187 188 188 188 187 186 184 185 181 176 176 173 171 173 173 171 172 172 174 172 170 169 171 173 175 171 170 168 169 170 171 171 172 173 174 175 177 179 181 182 184 185 186 187 186 187 191 191 190 188 189 186 188 187 184 184 183 183 174 163 160 160 158
167 166 165 165 167 170 170 169 169 167 166 158 154 153 150 158 168 176 181 185 185 186 187 189 188 187 186 184 180 179 177 177 177 177 174 172 173 172 170 170 172 174 175 172 169 167 167 168 168 168 168 169 170 171 174 176 177 179 181 182 183 185 186 185 184 189 186 185 188 188 183 181 187 188 187 185 185 176 164 160 159 162
166 167 167 165 165 167 170 169 168 166 164 159 152 145 145 148 162 173 179 184 182 185 186 187 189 188 185 184 184 180 180 181 180 177 172 170 172 171 170 173 175 176 173 168 165 165 166 167 166 166 166 167 168 170 172 174 176 178 179 179 181 184 184 185 183 185 184 180 186 186 185 180 184 187 188 187 186 180 166 160 156 160
164 166 169 167 165 164 166 167 169 168 164 159 149 145 149 158 165 174 178 182 182 184 184 185 188 189 188 187 185 183 184 183 180 178 175 172 173 170 172 173 171 171 170 168 167 167 167 168 166 165 165 166 167 169 171 173 174 176 177 177 180 182 184 184 184 183 185 182 186 181 182 184 181 182 188 189 188 183 177 166 161 164
164 165 169 169 166 165 164 162 165 167 165 161 152 152 158 164 169 175 177 180 181 183 183 183 185 186 187 187 186 185 182 182 182 182 178 176 175 175 173 171 171 172 172 171 170 169 170 166 163 164 164 165 166 168 170 172 174 175 176 178 180 182 184 184 185 186 184 183 187 185 184 188 185 185 188 188 187 185 181 175 168 164
163 164 168 170 170 166 162 162 161 163 162 161 159 161 162 168 174 176 175 178 180 180 181 182 183 185 186 185 185 185 181 179 178 176 172 169 168 170 172 174 174 173 171 171 170 170 166 166 164 163 163 164 166 167 169 171 172 174 174 176 178 181 182 184 184 185 183 182 186 187 186 189 189 189 189 188 185 182 174 165 165 160
163 165 167 170 170 170 168 167 163 164 163 158 161 166 168 171 174 172 174 177 179 178 179 182 183 185 184 182 181 184 181 179 175 173 171 169 167 167 170 171 169 169 170 166 165 167 164 161 165 165 164 165 165 166 168 170 172 173 173 175 177 178 181 182 183 183 184 183 186 186 183 189 188 187 187 186 183 181 177 175 171 161
164 166 165 171 171 170 170 169 167 166 162 157 161 166 169 170 172 170 171 175 177 178 180 182 182 183 183 181 183 181 178 176 174 172 170 169 168 167 170 168 165 164 165 167 164 164 159 161 162 164 163 164 164 167 168 170 171 173 173 175 176 179 180 181 182 183 184 184 186 186 183 185 188 187 186 185 184 183 181 177 171 160
164 165 164 170 171 171 169 168 168 165 157 152 161 163 162 166 169 167 170 172 175 178 180 181 181 182 183 184 184 181 178 176 172 171 169 167 167 168 169 168 165 163 162 165 163 160 160 162 163 163 164 163 164 165 167 169 171 172 174 175 176 177 179 180 181 182 182 181 184 186 183 187 188 186 185 184 183 181 179 175 168 159
165 165 165 172 170 171 173 172 171 169 164 151 153 150 152 161 164 163 158 164 173 176 178 178 180 182 181 183 183 182 181 178 174 171 168 166 166 168 168 167 166 163 160 160 158 157 159 161 164 160 163 165 163 165 166 168 170 171 172 173 175 177 178 180 181 181 180 178 182 185 186 185 186 184 183 182 180 179 177 174 171 168
164 165 169 172 171 171 172 171 170 169 167 162 153 148 150 152 155 153 151 159 169 173 176 177 179 180 181 183 183 181 181 178 174 171 168 165 165 167 167 167 166 164 161 160 157 157 159 161 163 160 160 163 165 166 166 168 170 172 173 174 176 177 177 178 180 180 179 179 178 182 183 177 182 182 181 180 179 178 176 175 172 169
164 165 170 173 172 172 172 169 168 166 166 165 161 155 148 147 152 157 161 166 171 174 177 178 180 181 181 182 182 181 180 178 175 172 168 166 165 166 167 166 165 164 162 159 156 155 156 159 162 160 158 160 163 165 167 168 170 172 173 173 174 176 176 177 178 178 179 179 177 180 182 176 179 180 178 178 177 176 175 173 172 169
167 169 171 173 173 172 170 168 166 164 163 163 161 158 149 149 151 158 160 166 171 175 176 178 180 181 181 183 182 180 180 179 177 175 172 168 167 166 165 166 163 162 161 160 157 154 156 159 161 159 158 163 162 163 167 168 170 171 171 172 174 176 177 178 179 180 179 180 180 182 182 181 178 179 176 175 174 174 173 171 170 168
168 169 172 174 174 173 170 167 165 163 162 161 160 156 148 151 149 152 158 163 170 172 176 179 181 182 182 183 183 183 181 180 177 175 173 171 170 168 168 167 165 163 159 157 154 154 156 160 159 156 156 159 160 164 167 169 170 172 172 174 174 175 177 179 179 180 179 179 180 182 179 177 177 179 177 175 173 173 171 170 169 169
168 170 173 174 175 172 170 167 164 162 161 160 160 158 156 152 149 150 151 160 169 174 177 179 181 182 182 183 183 183 182 180 178 177 175 174 174 173 173 171 169 167 163 161 155 153 155 158 159 159 157 157 161 164 167 170 172 173 174 175 175 177 178 179 179 179 179 180 181 181 179 176 173 176 176 175 173 172 171 169 168 167
170 171 172 175 175 173 169 166 164 162 160 159 160 160 159 156 153 152 151 156 168 174 177 179 181 183 182 183 183 183 182 182 180 180 178 178 177 175 175 174 173 171 166 164 160 157 157 158 158 159 159 157 160 164 166 169 172 173 173 174 174 175 177 178 179 179 179 180 180 180 176 173 172 174 173 173 172 170 169 168 166 166
170 169 172 175 176 173 169 165 163 162 160 159 159 158 160 160 160 156 151 153 165 174 177 180 182 182 183 184 184 183 182 182 181 180 179 179 178 178 177 177 176 174 171 168 164 163 164 163 161 161 160 158 158 163 166 168 171 173 174 174 174 175 177 178 179 179 179 179 179 178 178 174 172 173 172 172 170 168 166 165 165 168
170 172 174 176 177 174 170 167 166 163 160 161 160 159 162 162 157 153 154 152 161 170 173 178 181 182 183 183 184 184 183 182 182 182 181 180 178 178 177 176 177 176 174 172 169 170 168 167 165 164 163 163 162 163 165 168 171 174 174 175 176 176 177 178 178 179 179 178 174 174 172 175 175 174 173 171 169 167 165 163 163 163
170 172 174 176 178 176 173 168 166 163 162 161 162 163 163 164 161 161 157 153 154 163 168 173 179 182 183 184 185 184 183 183 182 183 180 181 181 179 179 178 177 179 178 178 177 175 172 170 168 169 168 167 166 166 166 169 171 174 176 176 177 177 178 178 179 180 180 178 168 160 159 166 174 173 171 169 168 167 166 163 163 160
173 174 176 176 178 176 172 169 167 165 162 163 162 163 164 161 159 163 160 155 154 158 165 171 177 183 184 185 186 185 183 182 183 184 182 180 182 183 182 182 180 180 181 182 181 180 177 175 174 171 171 172 171 170 170 170 171 174 175 177 176 177 178 178 179 180 181 179 168 156 155 161 170 173 171 169 161 163 164 164 163 160
172 174 175 175 178 175 172 169 167 167 164 163 161 163 164 165 166 166 164 161 156 155 162 170 178 183 185 186 186 186 185 184 184 184 184 183 182 183 184 183 184 183 182 182 181 182 180 178 176 175 175 174 173 174 174 173 172 173 175 176 176 176 178 179 180 180 182 181 172 158 159 160 162 169 168 166 159 160 161 161 158 161
172 174 175 175 178 176 173 170 168 166 164 164 163 163 164 165 167 167 166 163 158 155 159 168 176 183 184 186 186 186 185 184 183 184 184 184 183 183 184 184 185 185 183 184 184 182 181 179 179 179 177 175 176 177 176 176 176 175 177 177 177 178 179 179 181 180 183 182 176 167 166 169 166 167 164 163 158 157 157 155 151 158
172 173 175 175 177 176 174 170 166 163 162 162 163 162 162 164 167 168 167 166 163 158 157 165 173 181 185 186 187 187 186 185 184 185 184 184 182 183 184 184 184 186 185 186 187 182 180 180 180 180 180 179 180 180 178 178 179 180 179 178 178 179 180 180 180 181 181 181 177 170 172 174 170 168 166 166 164 162 161 156 158 158
172 173 174 174 177 176 175 172 166 166 163 161 163 162 163 163 168 170 170 169 164 161 159 162 170 178 185 186 187 187 186 186 185 185 184 183 184 183 185 184 184 184 184 184 185 185 183 180 175 176 178 180 181 182 182 181 180 180 180 179 179 180 179 179 180 180 180 179 177 171 173 174 169 170 166 164 162 162 161 160 157 158
172 173 173 173 176 175 175 172 167 164 162 161 162 162 166 168 171 170 167 167 166 164 168 169 176 181 185 187 187 187 186 185 185 183 184 183 184 183 184 185 184 183 181 181 183 184 182 183 179 175 175 177 179 180 181 182 182 181 181 180 179 179 179 179 178 179 179 178 176 167 173 173 172 169 168 164 158 160 161 159 157 158
171 172 172 171 173 175 171 167 166 164 163 162 163 164 167 168 171 172 168 166 172 175 179 181 184 186 186 187 188 186 187 185 185 184 183 183 183 183 182 184 185 183 181 180 181 182 181 182 181 180 176 173 175 178 178 179 180 181 181 180 179 178 178 178 178 178 178 177 174 167 173 172 171 168 167 165 158 161 160 159 158 154
