env_data/lgm/bio2.asc
NCOLS 431 
NROWS 256 
XLLCORNER -119.999510913 
YLLCORNER 31.343939428 
CELLSIZE 0.0416666666658933 
NODATA_value -3.4e+38 
[rows 111 to 147 of 256, columns 164 to 245 of 431]
165 166 165 167 169 171 172 173 171 170 173 173 174 177 176 174 176 175 175 175 175 175 176 175 174 173 173 172 171 169 168 167 167 165 163 162 161 159 159 158 156 155 153 152 152 149 147 147 149 153 155 155 157 158 157 158 153 157 160 157 155 156 154 151 149 146 147 150 158 160 158 156 152 150 149 147 146 146 148 152 155 163
165 166 167 168 168 171 172 171 168 171 174 177 176 179 177 177 177 175 176 177 176 175 175 173 174 172 172 171 170 169 168 166 165 164 162 161 160 158 158 157 156 154 153 152 152 149 148 146 145 147 152 156 156 157 159 158 157 158 156 154 153 149 149 149 149 154 158 163 161 160 157 154 156 150 148 145 147 146 151 161 162 164
166 166 167 168 169 170 170 170 171 174 176 180 181 175 176 177 176 176 178 177 176 174 174 174 173 172 171 170 169 168 167 165 164 163 161 160 159 158 157 156 154 154 152 152 153 150 152 149 146 144 145 150 154 154 155 157 153 153 152 157 156 148 145 153 161 163 165 161 159 158 154 151 149 154 151 149 147 150 161 167 170 166
167 165 166 167 168 170 171 172 174 176 178 180 180 173 178 178 176 175 176 176 175 172 172 173 173 171 170 170 169 167 166 165 163 162 161 160 158 157 156 155 154 153 153 151 154 152 151 154 148 144 143 143 149 154 156 154 152 152 153 156 158 158 155 162 149 159 162 159 156 155 152 149 146 145 153 156 150 156 164 171 171 169
169 167 167 167 168 170 172 173 175 176 178 179 177 176 179 180 178 177 178 176 174 172 173 171 172 171 170 169 168 167 165 164 162 161 160 158 157 156 155 154 153 152 152 152 153 152 150 154 151 147 144 142 150 154 156 156 155 157 156 158 157 149 159 154 156 157 158 155 153 153 149 147 146 145 145 151 158 160 166 174 169 169
164 166 167 167 167 169 171 173 174 176 175 177 176 178 179 179 178 177 177 176 175 174 172 172 172 171 170 168 167 166 164 163 162 160 159 157 156 155 154 152 153 151 150 150 151 151 149 153 153 150 148 147 153 156 153 154 152 153 152 154 146 141 153 143 154 154 153 149 151 150 148 146 145 145 144 149 153 161 168 174 164 167
164 164 165 166 167 168 170 171 173 172 172 174 175 176 179 179 177 176 177 176 175 173 172 172 171 170 169 167 166 165 164 162 161 160 158 157 155 154 153 151 152 150 150 150 151 151 150 152 154 153 155 154 154 153 150 148 147 148 148 149 144 140 150 140 149 154 149 144 148 148 148 145 145 144 147 152 154 160 168 172 169 169
163 164 165 165 165 168 169 170 171 171 171 172 174 176 178 178 176 175 176 176 175 173 173 172 170 169 167 167 166 165 163 162 160 159 157 156 155 153 152 151 151 152 149 151 153 153 153 151 148 149 151 147 150 149 141 139 141 143 144 145 140 139 146 143 145 148 142 144 145 145 147 144 143 143 147 152 158 161 167 170 166 167
163 164 165 165 167 169 169 171 172 173 174 169 176 178 178 178 177 177 177 176 175 174 173 171 169 167 167 167 166 164 163 161 160 158 157 156 154 153 153 152 151 151 151 151 152 152 152 152 148 146 148 145 148 144 139 137 140 141 142 143 140 138 141 142 141 143 138 142 144 139 139 143 143 144 148 154 159 163 166 168 165 161
163 163 164 165 166 168 170 171 171 171 175 175 178 178 178 177 177 177 176 175 174 173 172 170 168 166 166 166 165 164 162 161 159 158 157 156 154 151 150 149 150 150 150 149 149 150 150 150 150 148 145 144 149 144 142 140 141 141 140 142 139 138 140 142 139 140 137 140 143 141 140 142 142 145 151 154 158 161 163 165 160 161
162 163 164 165 167 168 170 172 170 172 175 178 178 178 178 177 177 176 176 175 174 173 171 168 166 165 167 165 164 163 162 161 160 158 157 155 153 152 150 150 149 149 148 147 148 147 148 149 149 148 147 145 147 146 142 141 141 141 140 141 140 138 142 142 139 138 139 142 144 143 142 143 142 145 150 154 156 159 159 163 157 161
162 163 164 165 166 168 170 171 171 174 178 179 178 178 177 177 177 176 175 174 173 171 169 166 165 164 166 165 164 162 161 160 159 158 156 155 153 152 150 150 147 146 147 147 146 148 148 148 148 148 147 146 146 145 145 142 141 140 140 140 139 138 138 140 139 137 140 141 142 144 142 143 142 144 145 149 153 155 156 157 160 164
162 163 164 165 167 168 170 172 175 177 178 178 178 177 177 177 176 175 174 172 171 169 166 163 163 162 165 164 162 161 160 159 159 157 156 155 154 156 152 149 148 148 148 147 148 147 149 150 149 149 148 148 148 147 146 145 144 142 140 140 139 138 138 140 137 139 140 140 141 143 142 142 142 144 147 150 153 155 158 161 162 164
163 163 164 165 166 168 170 172 174 175 176 177 177 177 177 176 175 174 173 171 169 165 163 161 161 162 165 162 161 160 159 159 158 156 156 155 157 154 151 150 150 149 148 148 148 147 148 148 147 146 147 146 146 147 147 146 144 142 140 139 138 137 137 137 136 138 139 140 140 141 143 144 145 148 150 152 155 157 159 161 162 164
162 163 164 165 166 167 169 170 173 174 176 176 176 176 176 175 174 173 172 169 167 160 159 159 160 163 166 162 161 160 159 158 157 158 157 158 157 153 153 152 151 150 149 149 148 148 147 148 148 146 146 145 145 145 145 145 146 143 141 139 138 138 137 137 137 138 140 141 141 143 145 146 148 150 152 153 155 156 159 160 162 164
161 162 164 164 166 166 169 171 173 174 175 175 176 176 175 174 173 171 170 168 163 158 156 157 158 162 165 165 164 163 161 158 158 159 159 157 156 154 153 152 151 150 150 149 148 148 148 148 148 147 146 146 145 144 144 146 144 143 141 140 140 139 139 139 139 138 141 143 144 145 146 147 149 150 152 152 154 154 158 161 163 163
160 161 163 164 165 167 169 170 172 173 174 174 175 174 174 172 171 169 168 166 158 156 155 154 155 162 163 165 165 164 163 161 161 160 159 157 156 154 153 152 152 151 150 150 149 149 148 148 148 147 147 146 146 145 145 146 146 143 141 141 141 140 139 140 141 139 143 143 144 146 147 148 150 150 152 153 153 156 160 161 162 162
159 161 162 163 165 166 168 169 170 171 173 173 174 175 173 171 170 168 166 162 157 155 154 152 154 161 162 164 165 164 163 162 162 160 159 157 156 154 153 153 152 151 150 150 149 149 149 149 148 148 147 146 146 145 145 145 145 142 142 142 142 141 140 140 141 142 140 138 140 140 146 149 150 151 152 155 156 158 160 161 162 162
159 159 161 162 164 165 167 168 169 170 171 173 173 174 171 170 169 167 163 160 156 154 153 152 154 158 161 162 165 165 163 162 162 161 159 158 156 155 154 153 152 152 151 150 150 150 149 149 149 148 148 147 146 145 145 144 144 144 144 144 143 143 142 142 143 141 141 141 141 141 143 149 150 151 154 156 156 158 159 161 162 163
158 159 160 161 163 164 166 167 168 171 172 173 174 173 172 170 168 166 162 159 156 154 152 151 152 155 160 163 165 164 164 162 162 160 159 158 156 155 153 153 152 153 152 151 150 149 149 148 149 148 147 146 145 144 145 144 145 145 145 145 144 144 144 143 142 143 143 143 143 142 142 145 150 153 155 156 156 157 159 161 161 163
158 158 160 161 162 163 165 166 167 168 169 171 174 173 174 170 167 166 161 158 156 153 152 150 151 152 158 162 165 164 164 165 163 161 159 158 157 156 154 153 153 153 153 152 151 150 149 149 149 149 148 147 146 147 146 147 147 147 147 147 146 145 144 143 144 145 145 144 145 145 144 145 149 151 154 155 156 158 160 160 161 163
156 157 159 160 161 162 164 165 166 167 168 170 174 174 173 168 166 164 161 158 156 154 152 150 150 151 155 163 165 165 164 164 162 161 159 158 157 156 155 153 153 154 153 153 152 151 151 150 150 149 148 147 147 148 148 148 148 148 148 148 146 145 143 144 146 147 147 147 147 146 145 145 146 145 151 150 155 158 160 160 161 162
156 157 159 159 161 162 163 164 166 167 168 169 175 174 172 173 172 167 164 158 156 153 152 149 150 150 157 164 165 165 164 165 163 161 160 159 158 157 156 154 155 155 155 154 154 153 152 151 151 150 149 149 150 150 150 150 150 150 149 147 147 146 147 148 148 150 149 148 147 147 147 146 146 148 147 147 147 154 159 159 161 162
154 156 159 159 160 161 163 163 165 166 167 168 174 174 176 176 175 173 171 161 156 154 152 150 149 149 152 163 164 164 167 164 162 161 160 159 158 156 156 156 156 156 156 155 154 154 152 151 151 151 150 151 151 151 152 151 150 148 147 147 149 149 149 151 150 149 150 149 148 148 147 146 148 150 150 150 149 149 153 155 161 165
155 157 158 159 160 161 167 164 165 167 171 174 175 173 170 170 173 174 170 165 157 155 153 150 149 149 148 157 162 163 167 165 162 162 161 160 159 157 157 157 157 157 156 157 156 155 153 152 153 153 152 152 153 153 154 152 151 149 149 151 151 152 152 151 150 148 150 150 150 149 148 148 149 151 153 153 152 151 150 148 159 166
155 156 158 158 160 161 168 167 166 171 173 172 174 170 170 172 174 172 167 167 164 161 156 152 150 149 148 149 156 162 166 166 162 161 161 160 159 159 158 158 158 158 157 157 157 156 154 154 154 154 154 154 154 154 154 153 152 151 151 153 154 153 152 152 150 150 151 152 151 151 150 151 153 153 151 151 150 151 152 152 157 166
155 157 158 159 161 166 169 170 170 169 174 171 169 168 170 175 174 170 170 174 176 170 159 154 153 152 150 149 157 168 170 168 164 162 162 161 161 161 160 159 159 159 159 158 158 157 155 156 156 156 156 155 156 156 155 154 153 153 154 155 154 153 153 152 151 153 154 153 152 153 153 155 155 153 151 151 150 153 154 155 156 167
156 158 160 162 165 166 169 167 165 168 170 174 169 168 169 173 174 175 174 179 176 171 160 169 165 153 152 156 153 164 167 168 167 162 162 162 162 162 161 160 159 160 160 159 159 158 158 158 157 157 157 156 157 157 156 155 156 155 156 156 155 154 154 153 153 155 155 154 155 156 157 156 153 153 154 153 154 156 158 155 159 168
162 166 162 160 164 162 169 165 165 167 169 172 175 171 169 168 171 176 172 173 179 174 173 174 167 158 161 165 152 154 166 169 171 164 163 165 164 163 162 162 161 161 162 160 160 159 159 159 159 159 159 159 159 159 158 159 157 157 158 157 157 156 156 155 156 157 156 157 159 159 158 155 155 156 158 156 158 161 160 158 159 168
160 160 160 159 163 163 164 163 165 166 169 168 175 173 171 169 170 170 168 169 179 180 178 174 170 166 164 159 156 157 166 173 173 163 164 164 165 165 164 164 163 163 164 163 161 161 161 161 160 161 161 160 159 159 159 159 160 159 158 158 157 156 156 157 158 158 159 160 159 158 159 159 159 159 161 159 161 161 163 163 162 168
158 158 159 160 162 163 163 164 166 167 168 168 172 174 171 170 170 170 169 169 170 175 178 172 169 166 164 160 163 167 172 176 173 163 165 166 165 165 165 165 165 165 166 166 166 165 164 163 162 160 160 160 160 160 160 159 159 159 158 158 157 157 159 160 159 161 161 161 160 160 162 162 163 163 158 161 163 162 166 168 169 171
157 158 157 159 161 162 163 164 166 166 168 168 170 171 172 171 171 170 169 169 169 168 170 168 167 165 164 163 169 171 177 172 165 162 164 165 166 165 164 165 165 166 168 167 166 163 162 162 160 158 158 160 161 160 160 159 158 158 159 158 159 160 160 160 162 163 162 161 161 163 163 163 165 163 163 165 164 164 167 168 169 171
157 158 158 159 161 163 164 165 166 167 168 169 170 171 171 172 172 171 170 169 170 169 169 168 167 165 163 164 168 170 167 161 159 162 164 165 165 165 165 165 167 168 170 168 168 165 162 161 160 159 158 159 160 161 160 160 160 159 159 160 161 161 162 163 164 163 163 164 164 166 165 164 166 165 167 162 161 158 162 166 168 170
157 155 158 159 161 162 164 165 166 167 169 169 170 171 171 172 171 172 171 170 170 170 168 168 167 166 164 161 160 162 162 162 161 161 163 165 164 164 165 166 167 169 170 168 169 167 162 161 160 159 158 158 158 159 160 159 160 161 161 162 161 161 163 164 164 164 165 166 166 166 166 167 168 167 165 165 161 158 160 166 168 170
158 155 158 159 162 163 165 166 167 168 169 170 171 171 172 172 172 172 172 171 170 170 168 168 167 166 165 163 160 159 162 163 162 163 162 162 163 165 166 169 170 171 172 170 169 168 164 162 161 160 159 159 159 159 159 159 162 163 162 161 161 163 165 165 164 165 167 168 167 167 169 170 167 169 167 166 165 161 158 163 168 170
156 156 158 160 162 164 165 166 168 169 170 170 171 171 172 172 173 173 172 172 171 170 169 167 166 166 165 162 161 160 160 160 161 160 159 159 159 159 162 169 170 172 173 172 170 170 167 162 162 161 160 160 160 160 160 161 163 163 162 160 162 165 165 164 165 166 168 168 169 170 170 169 166 163 163 162 160 158 159 159 167 169
154 157 159 160 163 165 167 168 169 170 171 171 172 172 173 173 173 173 173 172 171 170 169 168 167 166 165 164 163 162 161 161 161 160 160 160 160 160 162 168 169 171 173 173 170 170 169 165 162 162 162 162 162 162 163 164 163 162 163 164 165 166 165 164 167 169 169 171 171 170 171 170 167 165 164 163 161 159 162 160 165 169
