env_data/lgm/bio2.asc
NCOLS 431 
NROWS 256 
XLLCORNER -119.999510913 
YLLCORNER 31.343939428 
CELLSIZE 0.0416666666658933 
NODATA_value -3.4e+38 
[rows 37 to 73 of 256, columns 246 to 327 of 431]
164 164 165 165 172 174 178 179 180 182 184 185 182 171 162 158 157 159 161 162 171 168 171 168 172 175 180 184 190 195 197 197 196 194 195 195 196 197 197 199 196 190 196 198 197 195 193 192 191 190 189 185 182 180 176 175 176 178 176 176 174 175 173 168 171 174 173 172 166 165 172 151 133 131 127 131 139 142 139 140 136 133
169 170 172 170 168 173 177 182 181 185 186 185 183 176 168 156 156 156 159 162 167 164 165 165 166 172 177 181 186 189 192 192 189 193 191 189 193 194 196 195 193 195 195 196 196 195 190 191 189 188 186 182 177 177 176 173 171 175 174 173 168 170 170 170 171 173 171 168 164 170 167 150 135 132 127 132 136 135 132 130 127 122
172 174 177 176 171 171 178 182 185 187 184 183 175 165 161 166 167 163 162 163 163 164 165 165 169 174 180 186 187 190 191 191 189 191 191 190 189 191 192 184 185 187 193 194 195 194 192 192 188 185 183 186 181 182 180 178 172 171 170 170 165 168 167 172 169 170 166 166 166 169 167 148 135 130 128 135 139 140 132 127 116 112
175 177 180 180 178 181 183 183 186 184 182 182 182 182 180 178 176 172 168 161 158 163 168 171 174 178 180 186 192 193 195 194 191 193 196 197 193 182 186 185 179 182 180 188 191 190 192 192 190 190 186 180 177 178 172 177 177 175 171 169 166 168 165 166 164 162 160 157 151 158 158 137 128 128 128 135 139 142 134 128 116 114
178 178 180 183 184 184 182 181 183 183 182 180 179 179 179 179 178 173 170 170 172 175 179 180 185 188 185 187 193 195 196 197 192 196 199 199 197 192 189 193 182 177 180 185 183 186 186 188 187 187 185 179 173 172 170 177 170 166 169 164 157 161 158 159 156 154 156 157 155 162 150 142 135 132 130 133 136 139 141 137 131 126
181 180 181 183 183 182 182 181 178 179 179 177 174 175 176 173 173 173 174 174 177 180 180 184 188 190 190 191 193 195 196 193 192 196 199 199 199 198 189 182 187 181 176 175 177 178 182 184 183 182 184 179 172 167 170 172 165 160 158 165 152 147 148 154 152 153 152 158 145 143 147 144 129 125 120 127 128 134 137 142 137 131
182 183 183 185 184 181 178 177 176 175 174 174 174 173 173 172 172 174 174 175 180 181 180 180 186 190 191 192 193 194 196 196 196 198 199 198 197 191 186 184 183 190 184 178 174 178 180 175 183 183 180 172 166 161 163 170 161 156 151 161 160 156 145 148 148 153 154 155 147 137 136 144 133 124 119 121 126 132 139 144 141 134
184 184 184 186 185 182 179 180 179 177 176 177 177 176 176 177 176 177 176 178 183 184 182 182 184 189 190 190 189 182 186 190 195 197 199 199 197 196 195 191 184 186 193 183 178 178 180 176 175 168 171 169 160 152 158 165 153 147 144 150 152 147 140 134 140 148 150 151 147 142 127 132 136 127 117 117 121 133 138 141 138 133
184 185 185 185 184 184 184 182 182 180 179 181 180 178 178 178 177 179 176 177 183 186 187 188 187 184 185 185 179 174 182 188 193 195 194 199 201 201 199 194 191 191 195 187 182 183 176 180 178 168 163 164 158 156 162 160 150 150 146 145 145 141 130 129 130 143 147 148 148 146 135 137 131 132 126 124 119 128 125 136 136 135
184 184 184 185 184 184 184 184 183 182 181 181 180 178 177 174 175 179 180 181 183 184 184 185 184 181 182 178 171 172 180 187 189 194 194 194 197 198 199 194 194 196 196 188 191 190 188 186 182 175 166 167 165 167 166 165 159 158 155 146 136 136 127 131 133 139 139 144 142 145 142 142 132 132 131 128 118 115 125 140 142 139
183 182 182 182 181 182 182 182 181 180 179 178 176 175 174 175 177 178 176 179 179 180 179 182 181 175 177 175 169 173 180 184 188 193 193 197 197 192 193 197 196 197 195 192 192 191 190 188 185 181 175 172 172 170 168 165 154 145 146 152 144 132 130 132 127 134 137 143 141 141 138 141 132 135 127 127 128 129 127 130 137 133
180 181 180 179 179 178 178 179 179 177 175 175 175 177 177 174 169 170 176 174 176 175 178 181 177 172 170 162 170 176 182 186 189 191 191 194 195 190 191 189 183 185 191 188 183 183 185 179 175 176 178 177 166 157 158 157 153 144 137 142 141 131 125 132 128 136 140 144 135 133 132 145 144 139 124 129 137 146 130 126 130 134
175 177 178 176 176 175 175 176 177 178 177 178 178 176 175 170 169 165 171 174 173 174 175 178 178 175 166 161 168 174 180 184 187 186 191 193 188 184 184 185 181 176 184 185 176 175 178 182 179 180 172 168 172 157 147 146 147 144 136 135 132 130 130 138 142 146 148 152 146 142 142 154 154 145 139 142 145 142 131 120 126 131
171 175 175 172 172 171 171 173 169 169 171 174 170 170 172 167 166 164 163 169 170 170 171 173 177 175 170 160 167 173 177 180 183 186 190 188 182 178 178 177 179 174 177 180 175 169 172 177 171 170 168 157 165 164 146 149 144 140 144 141 132 132 128 136 143 148 153 162 160 162 158 158 155 153 139 149 135 133 131 119 121 129
172 170 172 170 168 167 166 168 168 164 166 170 170 167 170 168 164 163 165 165 165 165 168 172 176 175 172 161 164 171 175 178 181 184 188 189 186 183 180 175 177 177 176 176 172 163 166 168 166 164 168 159 157 161 156 157 153 149 147 141 141 141 130 130 145 154 151 162 158 156 152 149 140 147 149 136 118 116 123 113 107 121
167 164 166 169 163 163 162 165 168 162 164 165 166 164 165 168 166 166 168 167 165 162 167 171 171 172 173 168 160 165 170 175 178 181 183 184 184 185 183 180 180 178 178 175 165 163 159 159 161 160 159 157 155 153 148 142 147 142 142 144 148 156 149 149 153 163 164 162 142 141 136 138 138 141 141 146 136 123 111 112 96 106
167 160 167 167 160 161 160 161 166 165 162 162 162 161 160 162 167 166 167 165 163 157 164 168 164 166 170 171 166 161 166 170 174 175 177 178 178 180 178 178 177 178 173 174 168 161 161 160 162 167 160 160 157 157 148 142 142 139 139 141 139 147 157 164 162 170 167 154 137 132 126 140 141 148 142 138 136 135 127 116 97 89
164 159 164 166 166 162 159 159 159 164 161 159 158 157 156 156 161 164 162 160 155 158 163 162 157 164 161 162 162 158 160 164 167 168 171 172 172 172 173 172 171 173 173 173 172 166 164 167 164 170 162 164 161 155 149 143 142 140 140 141 143 146 150 163 168 171 165 158 148 149 140 143 150 156 149 133 118 120 125 126 116 104
160 156 160 160 162 161 159 157 157 161 160 161 158 155 152 152 157 160 160 158 155 157 158 158 156 162 153 154 154 156 157 160 162 165 166 167 167 169 169 168 167 169 170 171 172 176 172 177 172 175 170 173 172 161 152 148 147 142 139 146 141 148 156 167 169 163 164 164 161 161 159 159 150 152 151 139 132 123 117 123 119 106
156 155 154 155 160 158 155 155 156 158 158 156 155 155 150 150 150 152 155 154 149 153 154 155 155 157 151 153 155 157 159 160 160 160 161 162 163 165 166 167 165 165 165 163 175 176 177 179 178 178 176 176 176 172 161 163 154 146 144 147 149 151 158 170 171 170 168 173 170 169 166 162 151 147 151 154 150 146 135 130 135 131
151 150 150 152 156 154 154 152 152 153 154 154 152 153 154 150 147 147 149 149 152 152 152 152 151 152 153 152 158 159 160 161 165 165 161 160 162 164 171 173 170 166 163 161 165 178 181 181 178 177 176 176 176 174 172 173 165 159 154 163 154 166 169 169 165 164 169 170 162 161 161 162 152 145 143 148 138 141 139 142 124 115
149 146 148 152 152 150 152 151 149 149 148 150 151 150 151 148 146 146 149 154 155 153 155 157 157 155 154 155 154 163 162 163 161 167 166 162 160 162 166 174 165 165 162 162 170 179 181 182 181 180 178 177 175 175 173 173 172 172 171 171 168 163 154 157 159 164 164 163 145 144 148 158 149 142 132 134 130 119 118 138 139 119
150 147 147 150 148 148 148 149 148 146 145 147 148 147 149 149 148 149 153 157 156 154 156 159 160 160 155 154 160 160 167 165 171 163 171 161 163 161 173 170 165 168 169 178 181 182 181 180 180 179 178 177 174 174 172 171 170 168 171 170 166 159 159 162 160 156 142 151 155 143 133 147 145 140 124 114 118 106 116 126 134 130
147 145 148 151 148 147 146 146 147 146 144 144 145 146 146 147 150 153 155 156 156 155 158 161 158 155 155 153 155 157 160 163 164 171 173 164 170 162 170 177 177 179 179 179 178 177 172 174 176 177 175 174 172 170 169 169 162 167 171 172 171 170 169 169 163 160 142 135 145 151 146 145 146 132 124 110 113 109 109 113 126 138
143 143 146 148 147 148 146 145 144 144 144 145 145 145 147 149 154 156 160 157 155 157 160 160 156 158 157 153 155 156 158 162 166 167 171 173 171 161 163 172 178 177 172 167 167 167 165 170 173 174 173 173 171 169 163 161 156 160 170 172 172 172 171 170 162 150 150 145 130 131 127 129 130 134 135 122 108 112 102 117 135 123
141 142 146 145 144 145 145 144 146 146 150 148 150 149 150 155 159 161 165 160 160 163 166 157 157 157 155 153 153 156 157 158 164 167 168 171 171 170 173 175 174 170 160 155 151 150 158 164 169 171 171 171 165 162 165 158 158 159 165 172 172 173 172 174 169 160 163 167 162 150 149 145 140 143 140 131 116 112 121 134 114 120
140 142 144 141 142 142 143 146 150 150 152 151 152 154 159 163 164 166 168 167 167 168 167 163 161 156 156 156 156 156 158 160 162 163 166 168 170 171 172 172 170 166 159 150 151 154 154 158 166 167 169 170 165 156 159 156 155 159 163 169 172 173 168 170 173 172 166 161 155 160 159 157 159 156 148 142 134 119 118 112 113 126
139 142 144 142 141 141 145 150 152 154 155 156 156 161 163 165 166 166 169 169 169 170 168 165 164 161 158 155 155 155 157 157 158 162 164 166 168 168 169 168 164 160 163 163 163 163 161 162 165 166 166 167 167 159 156 155 152 156 164 170 172 171 165 166 168 171 171 171 164 157 141 143 141 142 153 148 130 120 118 117 122 137
138 140 141 140 141 146 147 147 150 155 157 163 164 165 166 167 168 168 169 171 172 171 169 168 166 164 160 158 154 154 156 157 158 160 162 163 165 166 165 164 164 166 167 167 167 167 166 167 167 166 161 164 162 166 164 160 149 150 157 167 171 151 144 155 164 170 168 169 170 167 153 141 134 130 137 141 135 126 120 131 133 141
140 139 140 140 142 147 150 152 152 155 158 165 167 166 167 169 169 167 167 169 171 172 172 171 169 165 161 157 154 153 154 155 157 158 159 160 162 163 165 165 166 168 167 167 165 165 164 164 163 164 162 163 158 158 160 158 149 150 156 159 170 163 139 151 157 157 164 167 169 170 158 156 144 136 124 128 123 127 116 127 143 148
141 139 140 143 148 151 155 157 156 159 162 166 168 169 167 169 166 167 166 167 167 168 172 173 170 167 162 158 154 152 152 154 155 156 157 159 160 161 164 165 165 165 164 164 164 163 160 158 158 159 160 160 152 155 162 164 153 148 160 165 168 150 150 137 137 153 151 152 160 168 166 149 142 137 125 121 121 115 107 121 145 150
141 143 145 144 145 149 154 159 163 165 167 168 168 170 168 168 165 168 164 160 154 156 161 167 170 167 163 159 154 151 150 152 153 154 155 157 158 159 161 161 161 161 161 160 156 152 154 151 148 152 155 160 160 163 167 169 166 161 158 165 163 143 147 139 127 142 129 137 153 158 148 160 137 128 127 125 116 116 121 126 143 153
146 146 150 152 153 152 154 160 165 165 167 169 169 169 169 170 169 163 158 153 149 147 146 146 150 161 162 160 154 151 150 150 151 152 154 156 155 157 158 158 156 156 154 151 152 148 150 152 148 149 153 159 161 165 167 170 172 172 165 166 160 149 141 135 135 137 131 146 141 154 148 145 144 139 134 129 124 119 117 111 136 156
151 149 150 157 161 163 165 167 168 167 168 169 169 169 168 169 164 158 151 149 147 146 146 146 146 145 154 156 156 153 151 150 150 151 153 154 149 150 154 152 148 148 147 148 150 150 150 150 148 150 152 160 160 164 169 172 173 174 161 150 160 166 156 153 141 137 132 138 137 132 149 136 131 129 126 131 126 136 134 136 150 147
156 155 155 158 163 165 166 169 169 168 169 169 170 169 165 159 154 152 149 148 147 146 146 146 146 146 146 148 151 152 149 149 150 152 153 154 153 148 147 147 145 148 151 154 153 158 156 151 154 153 150 157 166 170 167 168 173 175 170 151 145 156 142 134 142 142 134 136 131 124 144 132 134 135 125 124 127 126 118 118 123 131
162 161 163 164 165 167 167 169 169 170 171 171 171 167 162 155 149 148 147 147 146 146 146 146 146 147 147 147 148 149 151 152 152 152 153 154 155 156 154 149 152 156 160 161 161 162 162 161 161 158 161 164 169 172 169 164 171 176 176 175 166 167 152 142 147 150 148 136 131 134 130 133 139 149 151 137 132 125 132 135 136 126
165 165 165 167 167 168 169 170 170 170 171 171 171 166 159 153 149 146 146 146 146 146 146 146 146 147 148 148 148 148 150 152 154 154 154 154 155 155 152 153 158 159 158 160 161 163 165 166 163 165 166 170 172 173 174 175 176 177 178 176 168 174 159 146 158 156 161 158 150 149 142 138 134 144 152 160 151 132 129 124 123 122
