env_data/lgm/bio4.asc
NCOLS 431 
NROWS 256 
XLLCORNER -119.999510913 
YLLCORNER 31.343939428 
CELLSIZE 0.0416666666658933 
NODATA_value -3.4e+38 
[rows 170 to 203 of 256, columns 308 to 384 of 431]
9268 9401 9457 9500 9409 9361 9410 9414 9526 9581 9652 9678 9613 9602 9535 9506 9408 9304 9006 8791 8682 8790 8975 9069 9117 9194 9209 9218 9226 9207 9187 9135 9097 9055 8924 8897 8878 8891 8890 8884 8939 8963 9029 8970 8979 8961 9028 8997 9040 9054 9024 9023 9035 9018 9033 9063 9081 9112 9179 9172 9217 9184 9284 9304 9316 9289 9353 9371 9368 9349 9462 9529 9522 9451 9406 9496 9606
9069 9251 9415 9485 9467 9379 9433 9455 9494 9566 9610 9640 9585 9569 9535 9468 9374 9204 8837 8592 8675 8818 8989 9082 9119 9167 9162 9208 9184 9199 9195 9150 9100 9083 9020 8879 8821 8925 8979 8956 8935 8988 9009 9049 9085 9056 9072 9034 9055 9072 9012 9002 8959 8986 9015 9026 9058 9075 9098 9123 9202 9212 9256 9318 9366 9344 9386 9396 9458 9452 9497 9490 9419 9353 9406 9448 9524
8996 9184 9415 9422 9477 9358 9408 9469 9436 9581 9627 9630 9588 9579 9496 9406 9320 8956 8435 8628 8767 8878 9003 9051 9087 9136 9159 9162 9180 9194 9179 9173 9145 9101 9030 8943 8895 8914 9004 9025 9016 8974 8990 9024 9014 8984 9022 9020 8954 8887 8899 8923 8961 9024 9035 9024 9044 9068 9081 9082 9208 9290 9283 9302 9415 9392 9454 9462 9516 9501 9502 9421 9366 9374 9429 9471 9538
9090 9158 9348 9383 9488 9471 9441 9432 9465 9580 9604 9599 9584 9545 9490 9407 9275 8426 8401 8721 8861 8974 9042 9100 9109 9108 9139 9176 9180 9194 9162 9166 9146 9101 9075 9019 8984 8982 9019 9053 8963 8966 8962 8966 8960 8954 8977 8965 8970 8951 8986 8981 9025 8986 9010 9021 9060 9055 9101 9140 9232 9221 9357 9382 9431 9399 9469 9482 9514 9480 9476 9430 9369 9368 9412 9465 9550
9100 9142 9264 9306 9398 9441 9417 9405 9465 9539 9565 9532 9527 9517 9479 9388 9229 8655 8493 8765 8903 9015 9055 9059 9104 9078 9104 9120 9172 9176 9157 9151 9147 9107 9097 9028 9008 8975 9032 9059 9034 8950 8884 8911 8951 8957 8915 8914 8979 8961 8989 8972 8995 8983 8986 9006 9012 9051 9091 9069 9159 9167 9306 9394 9408 9437 9527 9498 9493 9437 9455 9474 9457 9439 9434 9473 9562
9100 9166 9206 9259 9328 9412 9445 9379 9436 9559 9535 9504 9505 9482 9411 9349 9208 8650 8400 8802 8911 9006 9056 9076 9098 9106 9113 9134 9160 9141 9161 9146 9147 9129 9081 9028 9023 9030 9071 9061 9044 9009 8946 8925 8922 8945 8962 8951 8959 8963 8986 8986 8989 8980 8994 8998 9001 9062 9102 9102 9180 9172 9284 9361 9472 9475 9529 9521 9488 9500 9483 9474 9514 9529 9479 9457 9563
9076 9123 9209 9225 9289 9354 9414 9360 9367 9467 9499 9447 9473 9423 9369 9252 8865 8205 8540 8819 8954 9034 9047 9055 9081 9065 9098 9118 9108 9123 9120 9118 9086 9038 9061 9016 9050 9072 9109 9055 9060 9024 8984 8907 8878 8905 8943 8922 8918 8956 8978 8977 9010 8993 8965 8965 8987 9020 9074 9085 9127 9196 9260 9309 9418 9497 9561 9557 9539 9485 9501 9503 9519 9523 9542 9483 9536
9107 9186 9246 9241 9282 9346 9355 9315 9367 9449 9453 9426 9420 9405 9359 9230 8654 8072 8530 8803 8905 8991 9019 9067 9066 9079 9097 9097 9129 9114 9114 9052 9016 9000 9064 9048 9028 9073 9062 9078 9057 9017 8962 8903 8899 8933 8912 8869 8924 8963 8996 8958 8976 8987 9003 9019 9054 9077 9110 9143 9163 9227 9292 9353 9447 9493 9563 9527 9536 9502 9508 9480 9537 9519 9536 9456 9533
9097 9173 9208 9209 9251 9294 9357 9344 9324 9423 9406 9402 9403 9373 9326 9229 8635 8565 8646 8780 8867 8948 8970 9008 9035 9031 9048 9070 9076 9064 9076 9014 8974 9015 9004 9033 9027 9073 9029 9013 8976 8966 8917 8890 8939 8898 8929 8830 8867 8882 8921 8916 8949 8943 8945 8983 9016 9010 9028 9047 9118 9151 9204 9289 9382 9489 9530 9518 9498 9487 9466 9449 9513 9484 9461 9474 9532
9056 9107 9160 9199 9247 9272 9339 9297 9352 9367 9389 9368 9366 9334 9332 9223 8858 8951 8870 8923 8927 8944 8970 8961 8998 8996 9016 9051 9059 9053 9065 8994 8957 9005 9030 9031 9028 9022 9075 9000 8894 8877 8895 8879 8933 8928 8908 8856 8838 8827 8895 8912 8928 8930 8933 8941 8967 8985 9017 9045 9112 9129 9171 9252 9339 9400 9471 9455 9466 9405 9462 9467 9478 9465 9456 9485 9573
8949 8971 8983 9093 9171 9242 9294 9279 9325 9329 9318 9306 9294 9295 9250 9225 8962 9051 8997 8972 8977 8972 8859 8868 8900 8871 8821 8860 8791 8973 9000 9010 8971 8983 8984 8965 9062 9087 9044 9019 8873 8773 8842 8882 8850 8883 8854 8823 8839 8806 8840 8859 8903 8890 8873 8864 8911 8927 8991 9007 9072 9094 9187 9221 9302 9288 9342 9363 9410 9404 9402 9380 9433 9467 9507 9485 9617
8861 8620 8620 8958 9101 9179 9282 9267 9294 9299 9306 9254 9251 9236 9207 9154 9073 9116 9056 9023 8944 8779 8723 8830 8813 8822 8834 8834 8788 8835 8967 8972 8988 8960 8979 8956 9011 9017 8980 8947 8879 8820 8864 8864 8832 8855 8862 8789 8822 8824 8832 8840 8858 8827 8837 8853 8899 8922 8984 9000 9023 9089 9149 9179 9263 9275 9299 9294 9366 9375 9406 9403 9474 9490 9563 9586 9632
8860 8744 8805 8983 9046 9118 9179 9256 9277 9238 9201 9176 9188 9143 8986 8932 9046 8996 9002 8929 8840 8682 8688 8754 8809 8812 8830 8842 8795 8793 8854 8896 8938 8909 8879 8913 8903 8906 8912 8869 8821 8735 8821 8816 8807 8789 8821 8734 8774 8787 8808 8804 8800 8797 8850 8842 8874 8907 8939 8958 9042 9065 9112 9166 9213 9245 9273 9280 9314 9336 9409 9447 9482 9470 9555 9541 9588
8969 8918 9003 9032 9095 9112 9159 9216 9184 9152 9140 9130 9127 8971 8715 8823 8945 8909 8884 8735 8657 8657 8727 8739 8760 8786 8801 8800 8818 8794 8839 8827 8850 8878 8866 8868 8857 8847 8842 8792 8799 8831 8814 8789 8798 8760 8816 8780 8795 8794 8834 8823 8790 8772 8818 8824 8934 8897 8920 8941 9027 9042 9102 9122 9207 9279 9277 9263 9320 9376 9399 9440 9471 9451 9518 9528 9550
8937 8984 8985 9031 9061 9105 9109 9205 9147 9092 9092 9070 9026 8800 8823 8807 8862 8800 8727 8774 8701 8687 8728 8719 8695 8723 8780 8768 8787 8761 8753 8709 8683 8732 8755 8772 8804 8712 8769 8755 8759 8749 8786 8765 8729 8757 8724 8743 8755 8760 8773 8766 8840 8789 8836 8822 8891 8905 8990 8955 9036 9065 9091 9136 9164 9219 9268 9246 9323 9346 9403 9426 9469 9441 9455 9437 9529
8875 8913 8891 8908 8989 9092 9139 9155 9059 9067 9081 9026 8959 8902 8859 8847 8857 8778 8813 8882 8824 8710 8766 8714 8683 8755 8707 8742 8754 8773 8688 8602 8438 8544 8636 8652 8578 8615 8709 8728 8723 8702 8722 8742 8721 8712 8730 8739 8749 8776 8768 8769 8877 8818 8852 8803 8863 8933 9026 9064 9091 9062 9074 9104 9159 9201 9294 9279 9325 9337 9455 9432 9460 9441 9480 9437 9474
8805 8817 8825 8837 8945 9022 9085 9031 9028 9002 8969 8918 8911 8840 8807 8893 8894 8854 8856 8872 8866 8789 8742 8728 8708 8769 8721 8751 8697 8672 8615 8498 8320 8191 8398 8515 8559 8607 8558 8546 8612 8674 8721 8691 8692 8687 8698 8692 8707 8751 8766 8791 8839 8803 8812 8809 8801 8925 9025 9039 9125 9103 9124 9136 9198 9234 9314 9301 9375 9401 9451 9414 9476 9418 9469 9437 9447
8753 8751 8721 8712 8753 9007 9058 9012 9007 8983 8935 8905 8802 8748 8774 8849 8955 8906 8938 8939 8841 8781 8683 8696 8740 8780 8777 8758 8752 8671 8620 8542 8454 8223 8293 8521 8575 8561 8462 8575 8574 8605 8636 8668 8663 8686 8680 8720 8739 8718 8757 8763 8816 8811 8843 8877 8848 8895 9004 9046 9118 9124 9174 9175 9227 9252 9324 9358 9432 9418 9448 9401 9470 9404 9476 9474 9502
8674 8688 8695 8683 8834 8952 9034 8983 8959 8901 8907 8847 8655 8627 8737 8814 8938 8949 8930 8926 8888 8759 8660 8666 8654 8725 8734 8744 8712 8659 8611 8554 8467 8450 8426 8492 8506 8507 8490 8511 8565 8581 8637 8636 8632 8665 8693 8676 8673 8684 8669 8725 8772 8787 8825 8831 8870 8888 8977 8992 9041 9120 9225 9214 9232 9202 9275 9314 9422 9402 9377 9401 9423 9414 9468 9470 9504
8560 8657 8690 8704 8830 8952 8993 9010 8931 8920 8826 8750 8740 8679 8771 8917 8960 8992 8985 8932 8865 8771 8741 8672 8595 8742 8762 8774 8729 8663 8648 8583 8533 8531 8527 8498 8487 8498 8542 8553 8543 8550 8593 8659 8631 8674 8693 8675 8716 8681 8747 8710 8757 8807 8852 8858 8901 8908 8990 9010 9070 9111 9195 9245 9294 9261 9279 9348 9422 9385 9406 9412 9468 9441 9494 9504 9543
8258 8523 8634 8659 8587 8867 8960 8937 8945 8870 8804 8789 8784 8764 8720 8899 8978 8994 8950 8915 8866 8804 8672 8581 8592 8706 8702 8713 8674 8705 8631 8614 8579 8552 8575 8433 8450 8451 8520 8538 8573 8552 8604 8614 8619 8622 8640 8648 8668 8668 8692 8703 8713 8764 8818 8826 8863 8822 8934 8987 9057 9117 9195 9201 9238 9260 9327 9339 9418 9405 9441 9429 9482 9464 9473 9463 9477
8215 8260 8539 8673 8734 8841 8934 8960 8912 8851 8805 8793 8855 8842 8829 8934 9007 8987 8970 8928 8872 8778 8689 8553 8552 8706 8660 8685 8705 8723 8688 8663 8587 8584 8592 8501 8455 8441 8488 8517 8520 8514 8547 8541 8570 8625 8634 8656 8674 8689 8656 8651 8725 8708 8766 8806 8864 8872 8922 8946 9038 9103 9172 9178 9182 9218 9319 9363 9420 9397 9436 9463 9501 9462 9463 9394 9464
7766 8108 8386 8589 8682 8817 8893 8946 8904 8857 8762 8798 8826 8865 8891 8953 8981 8970 8925 8865 8800 8730 8633 8553 8502 8635 8655 8640 8687 8732 8691 8700 8674 8610 8533 8445 8418 8446 8446 8450 8443 8433 8424 8456 8485 8515 8558 8589 8595 8607 8673 8635 8698 8748 8762 8801 8854 8873 8896 8937 8981 9007 9046 9116 9192 9218 9286 9307 9420 9408 9453 9463 9505 9457 9461 9457 9442
7925 8161 8436 8595 8640 8809 8870 8948 8921 8850 8804 8852 8887 8910 8925 8941 8982 8961 8899 8865 8800 8684 8511 8503 8492 8610 8714 8667 8692 8762 8729 8661 8627 8618 8509 8374 8333 8367 8383 8417 8433 8434 8414 8445 8442 8456 8491 8558 8562 8568 8688 8695 8702 8746 8772 8839 8894 8895 8918 8940 8993 8997 9017 9081 9147 9186 9288 9329 9433 9447 9493 9442 9506 9459 9494 9466 9483
8216 8341 8497 8590 8653 8738 8876 8913 8892 8865 8840 8851 8898 8902 8905 8946 8913 8900 8877 8852 8709 8578 8373 8367 8466 8561 8664 8729 8724 8767 8680 8655 8615 8486 8307 8238 8137 8217 8286 8334 8339 8361 8365 8396 8411 8440 8471 8440 8487 8552 8595 8647 8697 8702 8799 8827 8914 8893 8919 8952 8998 8999 9029 9053 9155 9239 9311 9340 9424 9444 9447 9410 9443 9440 9458 9442 9396
8378 8480 8540 8607 8556 8721 8904 8947 8895 8872 8775 8833 8865 8914 8909 8930 8900 8871 8844 8728 8615 8475 8363 8442 8456 8495 8598 8713 8779 8748 8722 8674 8541 8376 8325 8021 8054 8177 8248 8284 8282 8311 8345 8356 8423 8422 8460 8463 8513 8523 8568 8623 8664 8705 8792 8791 8932 8940 8983 9002 9063 9087 9130 9126 9215 9238 9310 9349 9448 9445 9470 9401 9420 9410 9435 9406 9447
8485 8578 8605 8678 8662 8761 8890 8928 8886 8864 8799 8792 8899 8923 8896 8849 8901 8818 8705 8462 8518 8437 8356 8484 8492 8535 8614 8718 8763 8726 8702 8652 8485 8272 8123 8114 8119 8173 8199 8222 8207 8242 8236 8275 8324 8336 8394 8452 8489 8488 8501 8545 8566 8634 8758 8794 8867 8846 8930 8954 9060 9078 9166 9186 9252 9216 9300 9340 9463 9411 9407 9357 9415 9387 9412 9418 9421
8568 8651 8689 8739 8783 8816 8901 8881 8838 8861 8858 8854 8892 8905 8896 8877 8853 8804 8633 8110 8311 8398 8386 8426 8554 8655 8703 8682 8680 8708 8712 8634 8506 8093 8129 8039 8048 8135 8193 8208 8235 8265 8259 8298 8294 8280 8343 8341 8402 8454 8498 8492 8560 8617 8709 8745 8796 8815 8952 9002 9105 9059 9153 9207 9277 9316 9363 9402 9492 9413 9407 9337 9427 9433 9447 9420 9472
8624 8677 8720 8765 8817 8870 8886 8795 8802 8829 8827 8869 8856 8886 8897 8877 8821 8743 8567 8080 8258 8356 8527 8532 8550 8700 8708 8596 8627 8697 8719 8643 8534 8318 7968 7732 7825 8006 8070 8109 8147 8182 8171 8159 8171 8211 8235 8316 8357 8350 8398 8442 8534 8596 8671 8697 8775 8782 8867 8977 9083 9114 9191 9194 9226 9258 9360 9409 9489 9423 9431 9334 9413 9424 9421 9398 9449
8648 8732 8781 8843 8862 8849 8795 8777 8820 8842 8851 8857 8841 8897 8869 8883 8788 8709 8426 8150 8594 8621 8621 8630 8681 8758 8701 8637 8659 8732 8691 8627 8531 8289 7549 7661 7821 7951 8024 8040 8036 8037 8081 8070 8116 8160 8278 8340 8366 8409 8494 8523 8576 8621 8722 8661 8784 8784 8877 8966 9092 9164 9275 9280 9317 9323 9403 9444 9504 9411 9408 9362 9428 9417 9427 9426 9443
8700 8725 8774 8828 8798 8783 8780 8782 8779 8789 8786 8829 8821 8841 8853 8841 8780 8697 8404 7929 8584 8683 8637 8688 8731 8766 8692 8681 8700 8667 8650 8542 8429 8351 8146 7906 7602 7730 7854 7644 7547 7697 7631 7706 7802 7923 8083 8184 8297 8331 8426 8504 8559 8622 8746 8733 8830 8878 8901 8927 9042 9131 9272 9336 9378 9359 9437 9439 9475 9393 9368 9386 9423 9383 9417 9384 9456
8689 8777 8830 8837 8803 8767 8781 8758 8786 8806 8804 8803 8809 8841 8858 8813 8767 8642 8601 8086 8398 8693 8715 8699 8761 8789 8745 8695 8673 8636 8528 8434 8315 8211 8178 7810 7746 7817 7857 7818 7707 7373 7125 7138 7293 7323 7613 8052 8187 8254 8356 8435 8517 8608 8677 8736 8884 8918 9000 8981 9082 9148 9288 9331 9388 9418 9474 9464 9454 9381 9397 9397 9431 9379 9440 9448 9485
8678 8771 8816 8806 8755 8728 8704 8700 8723 8764 8760 8766 8785 8785 8804 8769 8685 8620 8641 8602 8471 8658 8739 8758 8794 8779 8722 8633 8589 8529 8291 8189 7920 7694 7928 7852 7747 7853 7862 7903 7848 7782 7678 7610 7586 7539 7662 8001 8090 8140 8234 8296 8481 8598 8681 8715 8787 8828 8889 8892 9045 9148 9256 9294 9394 9406 9480 9431 9404 9387 9406 9385 9429 9413 9437 9423 9482
8705 8776 8825 8740 8726 8727 8709 8697 8722 8754 8758 8780 8776 8793 8769 8686 8331 8549 8680 8752 8658 8724 8758 8768 8786 8769 8634 8541 8447 8322 8014 7911 7472 7484 7611 7698 7718 7792 7824 7877 7891 7858 7840 7760 7814 7820 7924 8035 8128 8174 8290 8398 8471 8567 8664 8718 8786 8747 8864 8852 9024 9153 9270 9307 9391 9426 9496 9453 9412 9393 9411 9394 9429 9427 9435 9404 9482
