env_data/lgm/bio4.asc
NCOLS 431 
NROWS 256 
XLLCORNER -119.999510913 
YLLCORNER 31.343939428 
CELLSIZE 0.0416666666658933 
NODATA_value -3.4e+38 
[rows 68 to 101 of 256, columns 0 to 76 of 431]
6446 6491 6460 6521 6834 6965 7013 7095 7092 7089 7146 7062 6791 7079 7061 7222 7382 7433 7477 7518 7514 7536 7503 7522 7535 7520 7484 7405 7423 7492 7568 7573 7589 7542 7486 7428 7372 7418 7302 7359 7619 7662 7553 7417 7466 7370 7405 7516 7471 7380 7305 7313 7205 7204 7219 7236 7320 7260 7081 6879 6778 6886 7083 7344 7301 7087 6889 6741 6984 7576 7757 7809 7781 7764 7492 7044 7027
6428 6437 6488 6641 6875 6989 7022 7066 6978 6986 7055 6993 6870 7132 7188 7316 7326 7413 7431 7509 7489 7528 7490 7497 7529 7524 7503 7426 7393 7470 7492 7570 7573 7567 7549 7477 7500 7456 7327 7171 7552 7619 7468 7356 7450 7431 7528 7526 7421 7389 7404 7416 7354 7244 7252 7225 7235 7093 6869 6851 6926 7050 7278 7279 7088 6923 6758 6981 7643 7766 7824 7786 7743 7680 7294 6985 6980
6397 6463 6398 6572 6955 7036 7029 7056 7000 7007 6862 6870 6718 7175 7257 7207 7278 7342 7376 7419 7451 7496 7449 7465 7458 7415 7468 7503 7479 7436 7374 7399 7535 7546 7587 7552 7547 7478 7436 7261 7435 7468 7473 7420 7446 7398 7564 7598 7576 7548 7558 7602 7589 7235 7249 7254 7180 6950 6795 6938 7116 7196 7276 7194 6991 6884 6907 7534 7772 7817 7834 7774 7714 7576 7345 6990 6861
6430 6435 6381 6638 6976 7048 7050 7058 7050 7040 6942 6898 6652 7096 7211 7220 7295 7290 7350 7357 7361 7463 7418 7400 7363 7364 7452 7497 7466 7446 7477 7497 7527 7531 7553 7552 7466 7354 7444 7445 7438 7440 7525 7602 7468 7416 7583 7682 7695 7536 7525 7717 7641 7137 7172 7240 7180 7010 6782 6956 7108 7169 7168 7070 6897 6776 7097 7697 7808 7808 7808 7806 7641 7456 7200 6939 6875
6465 6467 6432 6695 6950 6981 7022 7065 7065 7056 7017 6932 6679 6922 7232 7303 7283 7262 7272 7342 7309 7365 7358 7325 7292 7203 7273 7456 7486 7479 7521 7533 7560 7542 7593 7593 7468 7417 7541 7656 7695 7702 7762 7786 7555 7539 7644 7702 7761 7684 7637 7793 7338 7023 7145 7238 7241 7049 6987 7061 7141 7115 7097 6944 6734 6863 7375 7819 7836 7898 7879 7815 7597 7250 7185 7006 6957
-3.4e+38 -3.4e+38 6251 6755 6897 7003 6990 7050 7069 7049 6938 6751 6707 6974 7206 7278 7258 7231 7208 7328 7300 7326 7320 7332 7254 6998 6900 7289 7459 7507 7527 7524 7527 7495 7533 7610 7545 7517 7668 7723 7763 7785 7803 7849 7747 7742 7703 7727 7798 7828 7848 7745 7200 6944 7105 7297 7308 7173 6998 7026 7115 7085 7006 6812 6714 6952 7582 7767 7840 7858 7831 7702 7481 7283 7062 7011 7032
-3.4e+38 -3.4e+38 -3.4e+38 6532 6859 6915 6945 7023 6997 6969 6899 6565 6581 6965 7214 7222 7254 7214 7124 7285 7295 7306 7299 7299 7251 7193 6978 6875 7318 7486 7487 7463 7378 7314 7418 7524 7582 7517 7642 7722 7766 7767 7821 7802 7843 7819 7765 7817 7890 7910 7784 7575 7218 7119 7265 7379 7380 7169 6944 7010 7099 6998 6861 6699 6809 6980 7606 7809 7838 7862 7823 7722 7451 7272 7126 7121 7263
-3.4e+38 -3.4e+38 -3.4e+38 -3.4e+38 -3.4e+38 6917 6917 6966 6916 6772 6683 6440 6573 7005 7159 7194 7220 7212 7143 7241 7251 7311 7238 7257 7234 7198 7093 7001 7266 7477 7505 7475 7367 7211 7303 7433 7453 7522 7667 7734 7764 7782 7803 7809 7857 7843 7898 7875 7911 7916 7546 7153 7074 7254 7341 7439 7403 7207 7045 7017 7044 6920 6799 6592 6781 6897 7192 7844 7905 7862 7806 7559 7268 7063 6998 7202 7425
-3.4e+38 -3.4e+38 -3.4e+38 -3.4e+38 -3.4e+38 -3.4e+38 6834 6885 6802 6815 6549 6345 6420 6646 7089 7153 7163 7193 7164 7212 7224 7228 7203 7197 7080 7059 6982 6581 7011 7430 7460 7469 7393 7259 7273 7241 7257 7418 7524 7671 7722 7729 7756 7819 7865 7874 7861 7874 7865 7806 7463 7082 6982 7242 7418 7488 7454 7245 7062 7001 6999 7017 6931 6737 6767 6709 6935 7867 7945 7915 7776 7441 6957 6635 6897 7241 7447
-3.4e+38 -3.4e+38 -3.4e+38 -3.4e+38 -3.4e+38 -3.4e+38 -3.4e+38 6818 6679 6679 6699 6766 6663 6885 7096 7155 7123 7139 7097 7118 7142 7193 7185 7237 7210 7131 6998 6598 6725 7292 7453 7508 7471 7249 7336 7336 7339 7358 7276 7513 7628 7551 7482 7709 7814 7812 7858 7795 7762 7611 7518 7309 7158 7283 7449 7540 7439 7189 6901 6960 7047 6910 6881 6828 6679 6764 7013 7801 7900 7880 7694 7345 6953 6627 6800 7112 7395
-3.4e+38 -3.4e+38 -3.4e+38 -3.4e+38 -3.4e+38 -3.4e+38 -3.4e+38 -3.4e+38 -3.4e+38 6512 6805 6937 7018 7040 6973 6994 7077 7040 6997 6908 6947 7095 7145 7130 7201 7166 7018 6698 6958 7363 7452 7506 7490 7246 7256 7221 7256 7236 7309 7226 7402 7290 7304 7559 7697 7650 7792 7769 7708 7686 7605 7576 7505 7429 7542 7578 7446 7168 6961 7002 7055 6890 6984 7018 6969 7137 7218 7765 7907 7842 7688 7461 7190 6895 7030 7095 7303
-3.4e+38 -3.4e+38 -3.4e+38 -3.4e+38 -3.4e+38 -3.4e+38 -3.4e+38 -3.4e+38 -3.4e+38 -3.4e+38 6689 6972 7017 6981 6824 6780 6998 7023 6843 6528 6663 6873 7013 7048 7189 7132 7021 6742 7041 7389 7418 7499 7494 7269 6949 6920 7049 7006 7203 7159 7136 7193 7165 7205 7283 7592 7729 7730 7744 7750 7707 7671 7607 7561 7665 7581 7454 7240 7043 7147 7168 6938 6960 7187 7153 7117 7404 7826 7899 7777 7502 7232 6974 7026 7169 7165 7367
-3.4e+38 -3.4e+38 -3.4e+38 -3.4e+38 -3.4e+38 -3.4e+38 -3.4e+38 -3.4e+38 -3.4e+38 -3.4e+38 -3.4e+38 -3.4e+38 6937 6890 6759 6630 6788 6897 6772 6570 6355 6374 6805 7083 7107 7118 6962 6645 6725 7192 7433 7473 7499 7446 7270 7096 7019 7032 7027 7086 7158 7066 7086 7007 7070 7417 7529 7648 7746 7686 7687 7625 7617 7587 7711 7677 7592 7446 7343 7342 7314 7191 7217 7302 7410 7233 7523 7919 7865 7744 7499 7162 7021 7061 7173 7384 7528
-3.4e+38 -3.4e+38 -3.4e+38 -3.4e+38 -3.4e+38 -3.4e+38 -3.4e+38 -3.4e+38 -3.4e+38 -3.4e+38 -3.4e+38 -3.4e+38 -3.4e+38 6810 6580 6489 6398 6614 6738 6612 6448 6374 6715 7039 7074 7009 6878 6556 6304 6699 7321 7466 7504 7517 7544 7470 7453 7372 7113 7319 7288 7486 7407 7466 7350 7323 7263 7265 7616 7665 7542 7461 7486 7539 7696 7753 7715 7553 7499 7473 7284 7321 7385 7509 7588 7454 7558 7944 7868 7590 7409 7220 7300 7392 7396 7470 7544
-3.4e+38 -3.4e+38 -3.4e+38 -3.4e+38 -3.4e+38 -3.4e+38 -3.4e+38 -3.4e+38 -3.4e+38 -3.4e+38 -3.4e+38 -3.4e+38 -3.4e+38 -3.4e+38 -3.4e+38 6312 6351 6492 6617 6554 6316 6309 6616 6871 6999 7002 6912 6442 6041 6054 6779 7409 7494 7525 7516 7543 7585 7564 7568 7659 7732 7713 7755 7767 7630 7320 7172 7067 7425 7596 7534 7271 7287 7479 7641 7826 7876 7776 7805 7690 7692 7539 7627 7554 7643 7854 7941 7969 7862 7632 7337 7321 7508 7625 7556 7530 7591
-3.4e+38 -3.4e+38 -3.4e+38 -3.4e+38 -3.4e+38 -3.4e+38 -3.4e+38 -3.4e+38 -3.4e+38 -3.4e+38 -3.4e+38 -3.4e+38 -3.4e+38 -3.4e+38 -3.4e+38 -3.4e+38 6064 6191 6517 6515 6215 6208 6448 6566 6821 6971 6858 6332 6081 6360 6731 7210 7440 7482 7491 7487 7407 7335 7544 7652 7658 7679 7771 7831 7914 7564 7234 6996 7276 7491 7521 7295 7192 7355 7617 7655 7794 7968 7983 7963 7944 7823 7833 7856 7935 7983 8042 7879 7695 7517 7399 7428 7615 7731 7670 7546 7522
-3.4e+38 -3.4e+38 -3.4e+38 -3.4e+38 -3.4e+38 -3.4e+38 -3.4e+38 -3.4e+38 -3.4e+38 -3.4e+38 -3.4e+38 -3.4e+38 -3.4e+38 -3.4e+38 -3.4e+38 -3.4e+38 -3.4e+38 -3.4e+38 6440 6605 6508 6645 6630 6689 6788 6760 6640 6328 6113 6212 6641 6934 7293 7372 7452 7489 7353 7241 7281 7241 7186 7225 7458 7757 7967 7870 7575 7392 7334 7430 7558 7587 7539 7532 7629 7742 7795 7882 8061 8114 8129 8056 8073 8104 8148 8132 8006 7797 7542 7357 7590 7704 7808 7793 7737 7572 7609
-3.4e+38 -3.4e+38 -3.4e+38 -3.4e+38 -3.4e+38 -3.4e+38 -3.4e+38 -3.4e+38 -3.4e+38 -3.4e+38 -3.4e+38 -3.4e+38 -3.4e+38 -3.4e+38 -3.4e+38 -3.4e+38 -3.4e+38 -3.4e+38 -3.4e+38 6564 6707 6741 6740 6795 6772 6784 6701 6629 6357 6158 6414 6700 6983 7189 7342 7249 7090 7083 7246 7264 7031 6939 7108 7402 7931 7961 7875 7727 7506 7269 7436 7667 7828 7825 7788 7832 7945 7874 7964 8138 8228 8229 8224 8182 8151 8096 8006 7832 7635 7665 7733 7864 7891 7681 7501 7432 7525
-3.4e+38 -3.4e+38 -3.4e+38 -3.4e+38 -3.4e+38 -3.4e+38 -3.4e+38 -3.4e+38 -3.4e+38 -3.4e+38 -3.4e+38 -3.4e+38 -3.4e+38 -3.4e+38 -3.4e+38 -3.4e+38 -3.4e+38 -3.4e+38 -3.4e+38 -3.4e+38 -3.4e+38 6525 6569 6591 6734 6768 6751 6686 6571 6501 6385 6386 6557 6844 7175 7069 6923 6853 7086 7250 7342 7364 7441 7517 7819 8013 7876 7462 7378 7053 7171 7694 7968 8028 7965 7830 8028 8072 8098 8177 8287 8292 8299 8227 8151 8069 8002 7954 7911 7912 7973 7963 7973 7747 7496 7378 7478
-3.4e+38 -3.4e+38 -3.4e+38 -3.4e+38 -3.4e+38 -3.4e+38 -3.4e+38 -3.4e+38 -3.4e+38 -3.4e+38 -3.4e+38 -3.4e+38 -3.4e+38 -3.4e+38 -3.4e+38 -3.4e+38 -3.4e+38 -3.4e+38 -3.4e+38 -3.4e+38 -3.4e+38 -3.4e+38 6206 6430 6546 6656 6730 6664 6586 6531 6478 6284 6385 6699 7088 7152 7026 6865 7008 7222 7378 7395 7400 7448 7693 8001 7947 7163 7018 7025 7167 7749 8046 8066 7978 7727 7967 8122 8124 8112 8303 8313 8352 8259 8106 7867 7776 7811 8020 8016 8066 8018 7981 7837 7660 7484 7351
-3.4e+38 -3.4e+38 -3.4e+38 -3.4e+38 -3.4e+38 -3.4e+38 -3.4e+38 -3.4e+38 -3.4e+38 -3.4e+38 -3.4e+38 -3.4e+38 -3.4e+38 -3.4e+38 -3.4e+38 -3.4e+38 -3.4e+38 -3.4e+38 -3.4e+38 -3.4e+38 -3.4e+38 -3.4e+38 -3.4e+38 6220 6253 6405 6437 6372 6330 6464 6288 6189 6429 6916 7073 7055 7021 6894 6739 6907 6995 6940 6949 7206 7823 8025 8121 7767 7274 7377 7597 7866 8085 8085 8057 7806 8012 8178 8137 8201 8411 8432 8435 8361 8186 7823 7424 7710 8017 8143 8155 8126 8079 8007 7808 7793 7740
-3.4e+38 -3.4e+38 -3.4e+38 -3.4e+38 -3.4e+38 -3.4e+38 -3.4e+38 -3.4e+38 -3.4e+38 -3.4e+38 -3.4e+38 -3.4e+38 -3.4e+38 -3.4e+38 -3.4e+38 -3.4e+38 -3.4e+38 -3.4e+38 -3.4e+38 -3.4e+38 -3.4e+38 -3.4e+38 -3.4e+38 -3.4e+38 -3.4e+38 6173 6132 6153 6124 6432 6452 6263 6422 6866 6992 6779 6730 6814 6920 7075 7124 6996 7056 7632 7985 8084 8138 8022 7811 7691 7649 7872 8034 8066 8061 8030 8116 8175 8179 8311 8418 8461 8484 8436 8321 8054 7641 7827 8011 8093 8163 8133 8049 7936 7785 7842 7905
-3.4e+38 -3.4e+38 -3.4e+38 -3.4e+38 -3.4e+38 -3.4e+38 -3.4e+38 -3.4e+38 -3.4e+38 -3.4e+38 -3.4e+38 -3.4e+38 -3.4e+38 -3.4e+38 -3.4e+38 -3.4e+38 -3.4e+38 -3.4e+38 -3.4e+38 -3.4e+38 -3.4e+38 -3.4e+38 -3.4e+38 -3.4e+38 -3.4e+38 -3.4e+38 6130 6359 6451 6467 6461 6237 6598 6695 6718 6714 6758 7035 7397 7566 7630 7456 7383 7697 7802 7884 8005 8077 7996 7914 7814 7806 8013 8061 8023 8004 8052 8204 8385 8467 8476 8502 8555 8530 8430 8160 7895 7954 7997 8148 8240 8134 7982 7831 7745 7873 7989
-3.4e+38 -3.4e+38 -3.4e+38 -3.4e+38 -3.4e+38 -3.4e+38 -3.4e+38 -3.4e+38 -3.4e+38 -3.4e+38 -3.4e+38 -3.4e+38 -3.4e+38 -3.4e+38 -3.4e+38 -3.4e+38 -3.4e+38 -3.4e+38 -3.4e+38 -3.4e+38 -3.4e+38 -3.4e+38 -3.4e+38 -3.4e+38 -3.4e+38 -3.4e+38 -3.4e+38 -3.4e+38 6447 6465 6387 6308 6552 6539 6721 6979 6940 6966 7494 7580 7642 7309 7133 7598 7608 7513 7837 7977 8076 8143 8109 7878 7817 7892 7926 7770 7804 8221 8479 8506 8543 8540 8566 8528 8450 8269 8038 8001 8130 8265 8246 8089 7941 7771 7907 7891 8100
-3.4e+38 -3.4e+38 -3.4e+38 -3.4e+38 -3.4e+38 -3.4e+38 -3.4e+38 -3.4e+38 -3.4e+38 -3.4e+38 -3.4e+38 -3.4e+38 -3.4e+38 -3.4e+38 -3.4e+38 -3.4e+38 -3.4e+38 -3.4e+38 -3.4e+38 -3.4e+38 -3.4e+38 -3.4e+38 -3.4e+38 -3.4e+38 -3.4e+38 -3.4e+38 -3.4e+38 -3.4e+38 -3.4e+38 6487 6315 6242 6439 6585 7076 7143 7086 7287 7394 7484 7588 7561 7477 7513 7631 7595 7793 7964 8162 8306 8231 7962 7714 7754 7805 7575 8054 8458 8577 8564 8620 8587 8589 8548 8478 8343 8093 8007 8267 8326 8359 8252 8122 8020 8008 8176 8164
-3.4e+38 -3.4e+38 -3.4e+38 -3.4e+38 -3.4e+38 -3.4e+38 -3.4e+38 -3.4e+38 -3.4e+38 -3.4e+38 -3.4e+38 -3.4e+38 -3.4e+38 -3.4e+38 -3.4e+38 -3.4e+38 -3.4e+38 -3.4e+38 -3.4e+38 -3.4e+38 -3.4e+38 -3.4e+38 -3.4e+38 -3.4e+38 -3.4e+38 -3.4e+38 -3.4e+38 -3.4e+38 -3.4e+38 -3.4e+38 6311 6268 6359 6800 7000 6957 7084 7126 7249 7180 7345 7458 7254 7285 7505 7824 8055 8159 8306 8312 8276 7859 7635 7828 8014 8031 8316 8555 8600 8608 8592 8498 8582 8511 8447 8344 8180 8082 8273 8393 8410 8411 8315 8204 8166 8245 8311
-3.4e+38 -3.4e+38 -3.4e+38 -3.4e+38 -3.4e+38 -3.4e+38 -3.4e+38 -3.4e+38 -3.4e+38 -3.4e+38 -3.4e+38 -3.4e+38 -3.4e+38 -3.4e+38 -3.4e+38 -3.4e+38 -3.4e+38 -3.4e+38 -3.4e+38 -3.4e+38 -3.4e+38 -3.4e+38 -3.4e+38 -3.4e+38 -3.4e+38 -3.4e+38 -3.4e+38 -3.4e+38 -3.4e+38 -3.4e+38 -3.4e+38 -3.4e+38 6551 6731 6748 6809 6953 7025 7128 6996 7248 7335 7219 6940 7281 7727 8148 8256 8322 8346 8383 8171 8132 8213 8331 8424 8592 8635 8628 8392 8291 8343 8499 8543 8483 8367 8222 8258 8402 8461 8477 8479 8500 8394 8259 8332 8421
-3.4e+38 -3.4e+38 -3.4e+38 -3.4e+38 -3.4e+38 -3.4e+38 -3.4e+38 -3.4e+38 -3.4e+38 -3.4e+38 -3.4e+38 -3.4e+38 -3.4e+38 -3.4e+38 -3.4e+38 -3.4e+38 -3.4e+38 -3.4e+38 -3.4e+38 -3.4e+38 -3.4e+38 -3.4e+38 -3.4e+38 -3.4e+38 -3.4e+38 -3.4e+38 -3.4e+38 -3.4e+38 -3.4e+38 -3.4e+38 -3.4e+38 -3.4e+38 -3.4e+38 6484 6490 6490 6705 6682 6835 6962 7178 7292 7320 7312 7576 7850 8106 8213 8294 8363 8383 8340 8391 8427 8505 8557 8657 8604 8379 7851 7647 8149 8365 8519 8486 8390 8306 8271 8424 8519 8522 8507 8552 8517 8440 8449 8466
-3.4e+38 -3.4e+38 -3.4e+38 -3.4e+38 -3.4e+38 -3.4e+38 -3.4e+38 -3.4e+38 -3.4e+38 -3.4e+38 -3.4e+38 -3.4e+38 -3.4e+38 -3.4e+38 -3.4e+38 -3.4e+38 -3.4e+38 -3.4e+38 -3.4e+38 -3.4e+38 -3.4e+38 -3.4e+38 -3.4e+38 -3.4e+38 -3.4e+38 -3.4e+38 -3.4e+38 -3.4e+38 -3.4e+38 -3.4e+38 -3.4e+38 -3.4e+38 -3.4e+38 -3.4e+38 -3.4e+38 6524 6579 6657 6750 6927 6936 7105 7380 7565 7537 7529 7890 8178 8292 8222 8044 8326 8443 8544 8632 8648 8657 8543 8358 8245 8032 8203 8359 8573 8577 8496 8329 8324 8449 8569 8600 8599 8603 8562 8456 8499 8550
-3.4e+38 -3.4e+38 -3.4e+38 -3.4e+38 -3.4e+38 -3.4e+38 -3.4e+38 -3.4e+38 -3.4e+38 -3.4e+38 -3.4e+38 -3.4e+38 -3.4e+38 -3.4e+38 -3.4e+38 -3.4e+38 -3.4e+38 -3.4e+38 -3.4e+38 -3.4e+38 -3.4e+38 -3.4e+38 -3.4e+38 -3.4e+38 -3.4e+38 -3.4e+38 -3.4e+38 -3.4e+38 -3.4e+38 -3.4e+38 -3.4e+38 -3.4e+38 -3.4e+38 -3.4e+38 -3.4e+38 -3.4e+38 6846 6955 7075 7074 6713 6841 7205 7476 7727 7808 7873 8032 8283 8255 7950 8205 8360 8499 8591 8594 8559 8364 8130 7962 8094 8430 8448 8647 8753 8660 8581 8510 8557 8625 8626 8634 8619 8609 8478 8505 8570
-3.4e+38 -3.4e+38 -3.4e+38 -3.4e+38 -3.4e+38 -3.4e+38 -3.4e+38 -3.4e+38 -3.4e+38 -3.4e+38 -3.4e+38 -3.4e+38 -3.4e+38 -3.4e+38 -3.4e+38 -3.4e+38 -3.4e+38 -3.4e+38 -3.4e+38 -3.4e+38 -3.4e+38 -3.4e+38 -3.4e+38 -3.4e+38 -3.4e+38 -3.4e+38 -3.4e+38 -3.4e+38 -3.4e+38 -3.4e+38 -3.4e+38 -3.4e+38 -3.4e+38 -3.4e+38 -3.4e+38 -3.4e+38 -3.4e+38 7184 6988 6567 6400 6713 7146 7547 7891 8029 7867 7996 8282 8400 8216 7901 8178 8412 8547 8621 8638 8476 8425 8228 8397 8633 8794 8841 8843 8775 8710 8590 8623 8683 8694 8683 8655 8647 8635 8629 8614
-3.4e+38 -3.4e+38 -3.4e+38 -3.4e+38 -3.4e+38 -3.4e+38 -3.4e+38 -3.4e+38 -3.4e+38 -3.4e+38 -3.4e+38 -3.4e+38 -3.4e+38 -3.4e+38 -3.4e+38 -3.4e+38 -3.4e+38 -3.4e+38 -3.4e+38 -3.4e+38 -3.4e+38 -3.4e+38 -3.4e+38 -3.4e+38 -3.4e+38 -3.4e+38 -3.4e+38 -3.4e+38 -3.4e+38 -3.4e+38 -3.4e+38 -3.4e+38 -3.4e+38 -3.4e+38 -3.4e+38 -3.4e+38 -3.4e+38 -3.4e+38 -3.4e+38 6037 6268 6649 7138 7476 7858 8054 8108 8208 8311 8359 8190 7658 7662 8043 8291 8553 8751 8772 8835 8806 8756 8749 8860 8873 8847 8810 8782 8715 8653 8682 8705 8676 8707 8640 8636 8627 8609
-3.4e+38 -3.4e+38 -3.4e+38 -3.4e+38 -3.4e+38 -3.4e+38 -3.4e+38 -3.4e+38 -3.4e+38 -3.4e+38 -3.4e+38 -3.4e+38 -3.4e+38 -3.4e+38 -3.4e+38 -3.4e+38 -3.4e+38 -3.4e+38 -3.4e+38 -3.4e+38 -3.4e+38 -3.4e+38 -3.4e+38 -3.4e+38 -3.4e+38 -3.4e+38 -3.4e+38 -3.4e+38 -3.4e+38 -3.4e+38 -3.4e+38 -3.4e+38 -3.4e+38 -3.4e+38 -3.4e+38 -3.4e+38 -3.4e+38 -3.4e+38 -3.4e+38 -3.4e+38 6261 6548 6942 7539 7897 8078 8189 8286 8328 8096 8094 7951 7600 7623 7687 8361 8848 9000 9071 9088 8973 8693 8850 8760 8755 8770 8797 8728 8607 8612 8711 8654 8671 8607 8528 8525 8592
-3.4e+38 -3.4e+38 -3.4e+38 -3.4e+38 -3.4e+38 -3.4e+38 -3.4e+38 -3.4e+38 -3.4e+38 -3.4e+38 -3.4e+38 -3.4e+38 -3.4e+38 -3.4e+38 -3.4e+38 -3.4e+38 -3.4e+38 -3.4e+38 -3.4e+38 -3.4e+38 -3.4e+38 -3.4e+38 -3.4e+38 -3.4e+38 -3.4e+38 -3.4e+38 -3.4e+38 -3.4e+38 -3.4e+38 -3.4e+38 -3.4e+38 -3.4e+38 -3.4e+38 -3.4e+38 -3.4e+38 -3.4e+38 -3.4e+38 -3.4e+38 -3.4e+38 -3.4e+38 -3.4e+38 6344 6818 7349 7867 8064 8186 8239 8149 7627 7573 7480 7432 7516 7919 8207 8848 9089 9075 9025 8951 8696 8591 8419 8491 8615 8716 8625 8531 8527 8657 8707 8662 8510 8332 8344 8535
