env_data/lgm/bio4.asc
NCOLS 431 
NROWS 256 
XLLCORNER -119.999510913 
YLLCORNER 31.343939428 
CELLSIZE 0.0416666666658933 
NODATA_value -3.4e+38 
[rows 170 to 203 of 256, columns 231 to 307 of 431]
9226 9242 9198 9244 9251 9247 9242 9236 9223 9215 9180 9181 9172 9168 9161 9152 9089 9077 9050 9055 8976 8905 8827 8845 8863 8946 8906 8888 8836 8858 8892 8928 8952 8889 8820 8772 8719 8729 8647 8619 8670 8640 8645 8674 8683 8660 8674 8659 8679 8676 8641 8663 8681 8743 8740 8802 8833 8909 8942 8991 9001 8774 8652 8858 8903 9048 9094 9130 9122 9180 9193 9221 9209 9245 9211 9282 9232
9166 9151 9126 9146 9150 9161 9181 9181 9160 9167 9168 9137 9113 9122 9085 9094 9096 9058 9086 9036 8993 8880 8864 8898 8950 8987 8945 8841 8824 8903 8886 8921 8910 8828 8791 8753 8724 8699 8640 8679 8690 8724 8700 8666 8653 8678 8666 8653 8653 8645 8609 8584 8652 8723 8749 8793 8840 8890 8895 8817 8797 8807 8667 8712 8900 8960 8986 9042 9076 9183 9204 9212 9211 9213 9184 9218 9130
8969 9031 8980 8996 9004 9016 9053 9098 9099 9075 9074 9066 9070 9003 9010 9001 9013 9023 9018 8965 8941 8843 8837 8917 8938 8919 8842 8891 8855 8891 8841 8836 8797 8804 8783 8753 8710 8666 8651 8656 8700 8672 8602 8625 8651 8653 8586 8633 8606 8621 8588 8565 8655 8735 8789 8817 8809 8796 8828 8800 8493 8609 8612 8710 8769 8802 8898 8909 9105 9165 9184 9201 9126 9121 9111 9117 9055
8871 8907 8922 8916 8919 8956 8993 9038 9054 9034 9024 9034 9029 9043 9028 9042 8998 9004 8983 8985 8924 8845 8869 8902 8928 8868 8870 8917 8903 8786 8751 8753 8739 8773 8733 8716 8688 8668 8681 8654 8608 8638 8606 8632 8579 8597 8608 8604 8566 8563 8622 8623 8612 8709 8770 8820 8801 8816 8799 8596 8497 8563 8624 8650 8672 8761 8817 8799 9048 9100 9175 9150 9017 9043 9007 8984 8971
8719 8741 8759 8784 8837 8838 8865 8923 8951 8955 8967 8976 8980 8956 8924 8889 8910 8930 8905 8867 8823 8866 8864 8912 8899 8869 8848 8899 8845 8771 8688 8615 8595 8585 8635 8687 8683 8632 8625 8608 8590 8583 8579 8567 8551 8563 8524 8557 8584 8570 8547 8613 8621 8678 8689 8740 8766 8793 8679 8639 8425 8507 8556 8686 8691 8725 8755 8781 8880 9044 9115 9025 8931 8993 8923 8782 9017
8627 8625 8676 8716 8759 8755 8788 8886 8882 8876 8883 8909 8930 8897 8880 8906 8929 8893 8862 8834 8856 8881 8879 8903 8876 8884 8865 8839 8770 8733 8614 8558 8540 8522 8498 8527 8570 8515 8499 8516 8543 8546 8543 8510 8525 8517 8514 8505 8541 8547 8570 8618 8609 8667 8699 8732 8743 8719 8601 8584 8516 8527 8569 8703 8702 8706 8720 8784 8931 9059 9059 8894 8900 8915 8852 8850 9028
8505 8497 8550 8582 8600 8658 8668 8720 8745 8748 8753 8795 8808 8826 8812 8823 8814 8836 8824 8790 8818 8801 8839 8825 8824 8796 8739 8713 8695 8678 8587 8560 8548 8519 8432 8405 8397 8379 8386 8421 8442 8490 8463 8447 8425 8469 8458 8471 8469 8480 8523 8583 8606 8622 8643 8677 8685 8675 8530 8487 8564 8513 8517 8609 8613 8655 8738 8739 8787 8773 8776 8891 8918 8784 8769 8982 9028
8462 8500 8514 8500 8527 8589 8627 8689 8649 8656 8659 8685 8699 8747 8753 8748 8735 8792 8763 8761 8762 8786 8761 8793 8812 8793 8756 8726 8706 8670 8595 8589 8603 8546 8491 8493 8447 8393 8378 8348 8349 8464 8480 8485 8490 8495 8397 8399 8458 8461 8509 8529 8578 8580 8599 8626 8612 8624 8538 8481 8484 8482 8471 8538 8542 8748 8822 8828 8686 8760 8894 8951 8932 8819 8935 8964 9060
8350 8350 8368 8373 8404 8450 8472 8530 8527 8524 8548 8559 8561 8586 8592 8657 8639 8600 8624 8597 8559 8657 8684 8739 8721 8678 8618 8655 8649 8639 8593 8536 8489 8518 8484 8441 8463 8484 8458 8394 8355 8478 8496 8501 8523 8501 8455 8356 8358 8357 8441 8472 8515 8570 8620 8544 8538 8546 8500 8430 8459 8495 8375 8455 8510 8752 8826 8823 8847 8901 8960 8960 8893 8818 8895 8958 8985
8271 8296 8297 8359 8385 8397 8469 8466 8473 8439 8456 8424 8458 8524 8508 8553 8575 8539 8534 8487 8454 8593 8629 8634 8673 8634 8529 8517 8566 8576 8566 8542 8543 8482 8468 8439 8477 8518 8488 8491 8456 8499 8509 8508 8469 8490 8454 8426 8412 8359 8393 8460 8471 8527 8548 8510 8450 8471 8414 8391 8488 8590 8627 8670 8728 8821 8817 8777 8823 8910 8954 8965 8914 8847 8900 8949 8932
8129 8175 8185 8258 8245 8283 8366 8373 8347 8293 8318 8317 8265 8353 8406 8408 8423 8371 8409 8359 8348 8493 8498 8535 8552 8532 8425 8371 8321 8406 8412 8428 8454 8444 8436 8399 8399 8438 8455 8457 8450 8444 8329 8403 8342 8379 8381 8307 8331 8345 8348 8400 8419 8438 8467 8462 8390 8399 8339 8404 8446 8554 8581 8544 8745 8815 8823 8768 8792 8840 8910 8902 8962 8850 8877 8920 8958
8044 8112 8127 8185 8194 8203 8240 8299 8268 8272 8237 8213 8160 8198 8260 8242 8232 8256 8222 8261 8360 8416 8383 8472 8464 8413 8338 8259 8202 8196 8256 8308 8334 8296 8307 8298 8325 8357 8391 8377 8397 8381 8290 8208 8275 8336 8311 8200 8209 8319 8263 8301 8321 8389 8415 8420 8391 8367 8367 8514 8552 8608 8666 8648 8675 8737 8763 8785 8833 8915 8894 8875 8908 8915 8912 8870 8894
7907 7957 7981 8017 8036 8122 8114 8130 8151 8109 8082 8101 8069 8014 8030 8052 8093 8096 8127 8168 8186 8259 8282 8324 8178 8206 8182 8113 8073 8082 8067 8090 8180 8197 8210 8219 8177 8266 8269 8237 8255 8255 8260 8237 8280 8199 8201 8212 8181 8274 8274 8284 8236 8271 8329 8345 8324 8367 8388 8435 8464 8549 8562 8361 8537 8604 8698 8712 8734 8810 8834 8803 8854 8876 8919 8940 8888
7838 7865 7878 7947 7937 8042 8067 8049 8013 8057 8032 8013 8035 8000 7949 8028 8029 8026 8028 8038 8071 8151 8151 8178 8236 8150 8058 8003 8009 7987 7964 8003 8050 8072 8077 8180 8164 8165 8187 8163 8138 8093 8063 8193 8252 8258 8232 8241 8252 8265 8278 8273 8233 8286 8263 8261 8232 8269 8246 8373 8400 8416 8374 8414 8435 8456 8457 8629 8680 8731 8764 8722 8726 8683 8821 8894 8950
7684 7738 7764 7782 7820 7848 7873 7887 7869 7904 7894 7913 7901 7851 7832 7890 7895 7909 7852 7835 7908 7997 8043 8057 8146 8141 7974 7893 7844 7858 7852 7888 7907 7889 7958 7992 7990 8007 8039 8016 8005 7951 7936 8044 8146 8147 8196 8223 8214 8213 8221 8239 8209 8207 8157 8137 8092 8070 7938 8012 8102 8152 8163 8222 8367 8433 8310 8301 8432 8575 8608 8599 8597 8463 8669 8786 8878
7617 7626 7664 7712 7709 7776 7823 7846 7831 7857 7819 7807 7802 7791 7772 7745 7779 7795 7686 7699 7764 7836 7931 8022 8047 7959 7947 7900 7823 7797 7799 7784 7813 7822 7855 7918 7839 7929 8011 7984 7977 7917 7918 7992 8093 8050 8060 8151 8163 8188 8192 8189 8187 8157 8141 8165 8139 8097 8013 7905 8113 8118 8091 8278 8440 8542 8417 8386 8252 8458 8533 8470 8465 8359 8561 8755 8812
7590 7547 7568 7607 7645 7667 7671 7707 7726 7712 7685 7691 7638 7601 7576 7584 7604 7578 7504 7519 7545 7621 7716 7826 7801 7814 7729 7783 7707 7712 7680 7657 7675 7644 7663 7764 7806 7871 7871 7888 7857 7919 7895 7918 7932 7847 7916 7963 8069 8109 8058 8009 8056 8122 8126 8120 8143 8097 8053 8047 8177 8141 8232 8366 8460 8508 8477 8450 8325 8301 8429 8446 8501 8464 8579 8637 8762
7571 7566 7540 7633 7644 7633 7667 7685 7684 7624 7572 7548 7540 7508 7420 7413 7447 7420 7368 7368 7388 7459 7564 7670 7697 7693 7649 7637 7683 7673 7653 7631 7583 7607 7634 7647 7729 7823 7802 7850 7892 7895 7837 7823 7778 7640 7642 7749 7978 8064 7982 7924 7861 8037 8123 8101 8141 8073 8031 8194 8199 8243 8346 8427 8470 8476 8495 8400 8342 8274 8338 8439 8507 8512 8569 8584 8721
7550 7538 7517 7593 7584 7642 7637 7605 7581 7569 7505 7472 7451 7382 7300 7266 7204 7195 7130 7158 7248 7381 7387 7483 7534 7584 7574 7487 7497 7561 7571 7573 7509 7528 7478 7492 7597 7707 7724 7706 7734 7744 7752 7717 7753 7748 7701 7622 7852 7987 7915 7848 7714 7940 8081 8110 8098 7911 7907 8071 8204 8263 8310 8388 8439 8465 8467 8444 8334 8318 8308 8382 8430 8496 8505 8555 8618
7570 7615 7593 7581 7564 7621 7602 7608 7606 7549 7473 7445 7388 7314 7300 7262 7182 7089 7022 6991 7117 7251 7328 7414 7445 7492 7439 7455 7426 7439 7481 7499 7491 7415 7417 7448 7500 7609 7669 7572 7519 7576 7595 7651 7669 7626 7626 7693 7847 7846 7816 7820 7942 8054 8105 8152 8089 8051 8011 8175 8229 8261 8338 8408 8409 8465 8458 8444 8414 8352 8318 8367 8420 8479 8468 8433 8243
7468 7625 7541 7569 7546 7484 7435 7451 7465 7472 7394 7335 7396 7399 7279 7266 7168 7114 6994 6958 6996 7161 7196 7206 7149 7247 7245 7270 7307 7319 7313 7345 7290 7214 7260 7348 7414 7422 7495 7401 7271 7371 7348 7466 7477 7454 7459 7486 7603 7517 7603 7810 7932 8019 8094 8129 8073 8136 8183 8216 8208 8256 8299 8344 8372 8409 8381 8395 8358 8370 8333 8362 8420 8420 8331 8279 7933
7377 7629 7597 7584 7512 7480 7417 7470 7457 7433 7461 7505 7465 7330 7211 7131 7148 7098 6972 6986 6956 7043 7096 7017 6975 7008 7150 7219 7252 7186 7098 7214 7189 7152 7143 7265 7243 7259 7428 7503 7509 7444 7525 7557 7568 7516 7436 7460 7597 7521 7516 7757 7871 7927 7933 8097 8155 8206 8216 8232 8269 8271 8278 8334 8343 8323 8290 8295 8337 8333 8332 8368 8374 8343 8256 8091 7763
7423 7554 7626 7548 7454 7525 7467 7455 7455 7401 7488 7527 7322 7098 7083 7062 6993 6870 6772 6840 6834 6899 6882 6872 6836 6869 6958 7098 7088 6974 6890 6988 6961 7006 7136 7349 7369 7325 7393 7513 7515 7570 7482 7570 7622 7687 7611 7604 7620 7725 7751 7764 7876 7778 7749 8074 8110 8160 8164 8228 8223 8237 8265 8296 8257 8238 8124 8174 8198 8245 8273 8342 8342 8311 8207 8096 7625
7370 7537 7607 7577 7498 7514 7525 7479 7450 7445 7533 7536 7383 7188 7127 7050 6908 6732 6569 6620 6737 6809 6881 6906 6879 6847 6913 7049 6988 6907 6754 6949 6974 7016 7241 7347 7420 7414 7389 7444 7524 7585 7395 7592 7653 7727 7752 7737 7780 7874 7836 7924 7977 8031 8065 8105 8121 8135 8155 8209 8170 8221 8237 8256 8202 8136 8024 7998 8031 8032 8117 8278 8383 8324 8320 8236 7948
7353 7518 7615 7536 7532 7508 7425 7417 7372 7446 7506 7473 7324 7166 7082 6966 6789 6683 6603 6507 6672 6785 6827 6828 6869 6860 6873 6854 6822 6821 6761 6912 6970 6989 7248 7341 7386 7286 7249 7318 7379 7565 7518 7641 7641 7643 7599 7638 7783 7868 7809 7909 7948 7993 8026 8082 8077 8093 8110 8063 8101 8150 8167 8206 8084 7952 7899 7821 7717 7665 8060 8235 8338 8387 8385 8325 8001
7397 7541 7555 7566 7538 7468 7448 7410 7419 7446 7452 7445 7446 7323 7237 7002 6891 6779 6728 6728 6765 6786 6844 6810 6826 6893 6829 6820 6811 6869 6842 6948 6992 7082 7296 7439 7385 7242 7223 7352 7480 7603 7685 7645 7522 7392 7352 7527 7573 7843 7922 7929 7976 8004 8009 8048 8076 8081 8002 7934 7963 8071 8102 8164 8022 7881 7828 7821 7753 7620 7893 8132 8295 8425 8458 8458 8316
7584 7609 7558 7480 7418 7461 7410 7431 7455 7413 7444 7471 7428 7382 7169 7014 6936 6928 6886 6822 6790 6793 6868 6858 6852 6863 6836 6742 6692 6764 6806 6878 6994 7183 7291 7244 7232 7262 7493 7483 7597 7630 7598 7532 7339 7249 7287 7471 7603 7827 7850 7852 7926 7932 7949 7995 7951 7922 7760 7640 7616 7907 8004 8077 8038 8014 7940 7905 7754 7579 7730 8141 8304 8413 8443 8513 8397
7406 7640 7593 7502 7442 7521 7426 7500 7450 7428 7433 7328 7227 7168 7054 7115 7057 7037 6925 6914 6894 6934 6961 6945 6973 6911 6810 6841 6851 6795 6829 7087 7159 7155 7096 6991 7117 7349 7579 7632 7597 7537 7471 7422 7314 7223 7324 7555 7691 7807 7807 7846 7752 7851 7819 7813 7863 7844 7827 7720 7613 7868 7952 8011 8040 8044 8002 7951 7877 7737 7955 8170 8250 8395 8463 8538 8594
7320 7306 7458 7592 7533 7475 7430 7364 7358 7387 7391 7342 7338 7194 7189 7177 7063 6904 6906 6933 6942 6954 7004 6977 6943 6926 6837 6770 6833 6990 7040 7195 7143 6824 6954 7111 7298 7474 7539 7530 7500 7390 7275 7260 7126 7065 7057 7332 7464 7710 7731 7658 7499 7571 7560 7677 7674 7728 7735 7722 7702 7836 7804 7836 8022 8049 7956 7965 7903 7903 7961 8069 8227 8357 8430 8520 8587
7214 7296 7324 7429 7492 7458 7385 7395 7403 7403 7398 7411 7399 7361 7295 7186 7100 7015 6962 6965 7063 7075 6982 6827 6696 6691 6734 6725 6882 6991 7108 7080 6910 6802 6970 7290 7364 7331 7541 7500 7362 7177 6975 6983 7147 7195 7324 7420 7543 7636 7665 7542 7516 7460 7333 7533 7641 7745 7752 7751 7755 7761 7777 7903 8042 8022 7994 8012 7850 7701 7614 7935 8138 8226 8412 8507 8569
7173 7217 7217 7260 7328 7382 7409 7382 7397 7417 7418 7437 7435 7378 7284 7080 6946 6995 6968 7042 7126 6986 6781 6719 6625 6578 6651 6734 7051 7171 7273 7049 6902 7034 7142 7300 7280 7290 7397 7218 7254 7267 7166 7085 7231 7310 7339 7401 7342 7420 7401 7395 7437 7462 7414 7540 7633 7729 7702 7701 7706 7734 7794 7863 8002 8052 7979 7974 7819 7709 7425 7674 7891 8217 8397 8534 8611
7171 7181 7195 7299 7297 7314 7389 7389 7387 7434 7463 7475 7484 7469 7369 7207 7128 7212 7236 7111 7078 6870 6733 6641 6552 6641 6796 7120 7218 7279 7212 7063 7038 7187 7206 7295 7267 7397 7323 7177 7142 7273 7283 7240 7095 7200 7259 7340 7208 7123 7307 7487 7543 7590 7573 7650 7670 7659 7677 7719 7726 7640 7606 7846 7965 8052 7994 7952 7900 7841 7498 7766 7995 8153 8430 8512 8601
7339 7381 7275 7367 7364 7359 7302 7402 7423 7424 7452 7478 7483 7462 7355 7381 7360 7241 7177 7167 7179 7036 6809 6719 6666 6695 6884 7189 7267 7071 7002 6864 7048 7184 7141 7260 7315 7277 7108 7027 7071 7148 7137 7072 6995 7031 6932 7146 7320 7311 7419 7517 7566 7632 7648 7590 7559 7549 7685 7685 7634 7596 7656 7831 7890 7976 7982 8029 7968 7870 7467 7817 8019 8232 8364 8475 8559
7599 7593 7491 7469 7417 7430 7329 7315 7384 7375 7418 7440 7458 7507 7414 7473 7394 7364 7287 7272 7329 7333 7210 7106 7046 6985 7159 7272 7170 6866 6864 6783 6956 7201 7266 7286 7228 7172 7111 6930 6919 6931 6963 7062 7022 7084 7118 7142 7142 7247 7375 7575 7635 7686 7618 7635 7608 7636 7664 7670 7596 7561 7688 7807 7844 7883 7880 8027 8055 7973 7900 7870 8044 8206 8365 8485 8599
