env_data/lgm/bio4.asc
NCOLS 431 
NROWS 256 
XLLCORNER -119.999510913 
YLLCORNER 31.343939428 
CELLSIZE 0.0416666666658933 
NODATA_value -3.4e+38 
[rows 68 to 101 of 256, columns 231 to 307 of 431]
10461 10402 9994 10020 10100 10248 10508 10218 10051 9973 9922 9871 9747 9487 9314 9204 9281 9461 9364 9431 9645 9883 10028 10098 10172 10170 10161 10136 10121 10098 10056 10023 10030 9960 9902 9879 9868 9955 9924 9913 9960 9991 10018 10029 9979 9889 9553 9352 9518 9744 9170 8993 9018 9236 9044 8970 8883 8723 8588 8438 8293 8366 8287 8227 8355 8440 8604 8643 8744 8961 9069 8943 8746 8716 8944 8910 8444
10426 10473 10274 10019 10359 10561 10531 10307 10321 10221 10060 9785 9619 9675 9518 9453 9475 9659 9794 9817 9774 9813 10021 10130 10141 10151 10143 10092 10091 10054 10054 10014 9922 9862 9788 9759 9659 9617 9778 9854 9936 9956 10003 10053 10033 10006 9991 9965 9876 9564 9030 8629 8768 8962 8697 8504 8449 8387 8230 8264 8191 8263 8297 8237 8247 8368 8527 8643 8830 8941 9111 9235 9227 8959 8969 8859 8606
10475 10594 10504 10380 10596 10710 10649 10485 10365 10194 10022 9904 9793 9877 9722 9782 9690 9707 10011 10192 10213 10202 10245 10225 10164 10159 10185 10140 10096 10060 10065 9986 9911 9811 9761 9701 9638 9506 9437 9570 9760 9965 10009 10051 10058 10069 10019 9950 9798 9454 8728 8309 8343 8488 8371 8243 8188 8149 8175 8204 8245 8255 8226 8238 8255 8388 8593 8607 8759 9024 9164 9240 9280 8782 8539 8837 9071
10551 10585 10580 10629 10648 10669 10628 10594 10520 10297 10272 10166 10176 10074 9959 9955 9949 9946 10098 10219 10252 10237 10241 10206 10169 10206 10146 10097 10062 10014 9871 9805 9790 9694 9668 9556 9519 9457 9412 9392 9455 9724 9851 9956 10020 10012 9953 9856 9809 9494 8992 8505 8233 8187 8147 8125 8179 8271 8345 8318 8447 8453 8257 8360 8372 8307 8488 8874 9080 8926 8978 9283 9349 9120 8595 8428 8788
10620 10650 10673 10692 10716 10707 10694 10675 10635 10558 10416 10372 10339 10320 10289 10296 10292 10282 10303 10315 10313 10267 10287 10263 10293 10199 10227 10164 10088 9952 9817 9700 9605 9571 9552 9556 9448 9421 9342 9303 9300 9370 9637 9808 9880 9969 9971 9893 9671 9535 9355 9002 8731 8515 8218 8322 8489 8652 8789 8701 8709 8661 8566 8618 8493 8614 8732 8983 9158 8998 8845 9098 9345 9370 9364 9039 9123
10615 10618 10653 10686 10693 10679 10677 10619 10620 10562 10479 10468 10445 10410 10410 10347 10328 10315 10325 10300 10296 10284 10282 10242 10235 10182 10168 10142 10014 9893 9740 9652 9386 9378 9379 9311 9310 9195 9111 8964 9020 9130 9243 9450 9601 9754 9880 9847 9764 9584 9427 8964 8553 8321 8353 8664 8947 9061 9027 8966 8978 8934 8835 8676 8768 8796 8974 9176 9289 9337 9342 9392 9442 9464 9373 9161 9369
10721 10680 10697 10748 10752 10742 10697 10652 10670 10620 10617 10551 10516 10494 10482 10435 10417 10360 10368 10329 10318 10296 10275 10284 10271 10246 10149 10133 10048 9921 9807 9475 9229 9109 9062 9000 9018 9012 8924 8771 8775 8817 8989 9193 9433 9494 9815 9753 9773 9610 9376 9002 8525 8364 8618 8967 9143 9220 9153 9108 9107 9069 8984 8880 8984 9169 9293 9347 9280 9277 9272 9299 9350 9398 9236 9130 9260
10719 10662 10697 10714 10678 10753 10710 10639 10623 10616 10537 10528 10518 10506 10416 10345 10318 10313 10330 10313 10241 10178 10212 10164 10135 10149 10173 10044 9922 9866 9754 9599 9260 8983 8795 8758 8767 8712 8683 8632 8665 8790 8898 9145 9333 9366 9493 9778 9717 9610 9432 9239 9038 8920 9092 9251 9304 9328 9300 9189 9137 9116 9165 9216 9279 9346 9388 9355 9320 9309 9162 8969 9123 9356 8767 8593 8926
10815 10708 10686 10727 10751 10785 10792 10716 10716 10619 10594 10587 10588 10534 10501 10382 10299 10284 10329 10343 10305 10207 10119 10095 10147 10149 10127 10047 10003 9923 9811 9653 9442 9185 8858 8834 8870 8722 8660 8706 8789 8959 9056 9066 9169 9191 9403 9558 9634 9706 9565 9469 9406 9352 9425 9411 9419 9377 9326 9339 9313 9282 9277 9339 9382 9365 9304 9246 8834 9024 9016 8420 8647 9357 9314 9119 8896
10767 10779 10716 10725 10725 10757 10768 10722 10674 10595 10606 10530 10530 10494 10467 10433 10346 10294 10270 10258 10272 10155 10080 9949 10033 10034 9968 9907 9887 9888 9799 9797 9773 9446 9283 9477 9371 9282 9088 9154 8995 8872 8892 9004 9112 9100 9141 9396 9411 9618 9565 9560 9538 9528 9516 9494 9483 9458 9416 9381 9337 9346 9341 9374 9331 9318 9295 9036 8908 8636 8831 8829 9153 9147 9160 8851 8543
10821 10828 10839 10811 10769 10789 10802 10742 10723 10635 10592 10473 10413 10443 10505 10472 10456 10347 10309 10319 10314 10179 10086 10060 10203 10043 9806 9734 9834 9850 9835 9760 9827 9762 9758 9614 9177 8866 8783 8747 8843 8849 8869 8915 8922 8951 9075 9184 9207 9327 9451 9476 9532 9572 9492 9462 9422 9399 9400 9303 9208 9174 9228 9245 9277 9255 9303 9300 9227 9135 9058 8542 8774 8707 8836 8525 8229
10729 10792 10721 10690 10694 10677 10709 10735 10667 10549 10505 10370 10338 10386 10324 10358 10430 10408 10304 10232 10196 10163 10187 10138 10147 9883 9846 9833 9710 9562 9600 9596 9698 9769 9749 9476 9255 9139 8807 8652 8707 8782 8769 8764 8917 9019 9022 9001 9122 9326 9350 9355 9432 9478 9453 9418 9404 9365 9349 9301 9139 9064 9109 9149 9200 9240 9293 9322 9108 9001 8810 8691 8459 8677 8937 8640 8202
10730 10738 10692 10634 10669 10682 10702 10724 10648 10580 10495 10420 10440 10348 10368 10397 10380 10392 10400 10346 10221 10173 10089 10108 9993 9845 9564 9642 9442 9301 9535 9347 9563 9662 9731 9415 9394 9301 9110 8788 8660 8674 8670 8745 8730 8778 8986 9103 9141 9123 9184 9231 9375 9374 9398 9372 9389 9364 9308 9294 9155 8954 8945 8980 9052 9134 9243 9343 9196 8786 8473 8466 8920 9170 8647 8682 8399
10677 10619 10580 10637 10636 10646 10684 10664 10650 10573 10494 10351 10288 10223 10306 10292 10347 10355 10343 10367 10273 10119 9964 9874 9929 9694 9425 9077 9152 9189 9212 9197 9266 9435 9700 9601 9481 9348 9211 8891 8659 8573 8643 8699 8808 8920 9003 9047 8896 8986 9072 9173 9223 9248 9334 9290 9330 9323 9328 9264 9106 9067 8980 8813 8864 8929 9062 9249 9042 8870 8736 8503 9066 9069 8858 8823 8801
10636 10650 10661 10661 10656 10602 10586 10716 10659 10637 10506 10401 10313 10184 10162 10183 10364 10471 10385 10334 10319 10205 10062 9817 9481 9442 8865 8643 8845 9002 8993 9069 9286 9331 9700 9659 9587 9547 9437 9028 8719 8520 8572 8605 8661 8732 8836 8895 8856 8879 8969 9004 9109 9065 9186 9243 9254 9254 9275 9253 9194 9078 9009 8883 8875 8804 8906 9062 9078 9058 8808 8694 9062 9306 9063 9169 9192
10481 10563 10604 10606 10610 10585 10591 10584 10715 10625 10485 10357 10271 10168 10126 10111 10424 10469 10385 10282 10150 10219 10065 9781 9418 9062 8728 8320 8545 8880 8989 9124 9633 9641 9523 9713 9625 9575 9571 9350 8919 8667 8517 8493 8625 8625 8692 8674 8700 8761 8839 8955 8964 8966 9048 9175 9173 9215 9221 9209 9191 9162 9057 8941 8793 8920 8931 8935 8852 8699 8725 9007 8893 9461 9463 9334 9454
10508 10524 10571 10582 10599 10534 10560 10635 10761 10656 10596 10535 10385 10242 10519 10376 10503 10461 10384 10220 10157 10042 10133 9913 9619 9243 8727 8423 8647 8877 9126 9140 9403 9582 9437 9709 9666 9659 9584 9462 9272 9003 8677 8408 8431 8480 8498 8486 8502 8568 8654 8772 8828 8763 8903 9097 9124 9143 9183 9178 9174 9143 9106 9040 8956 8725 8731 8965 8743 8761 8953 9055 9117 9496 9517 9616 9729
10474 10469 10511 10561 10532 10443 10573 10604 10797 10636 10502 10475 10249 10297 10491 10570 10530 10423 10192 10193 10114 10030 10028 9897 9689 9290 8612 8411 8734 8859 9017 9130 9136 9325 9504 9668 9776 9728 9636 9533 9433 9279 9050 8810 8509 8473 8446 8331 8362 8340 8432 8548 8713 8606 8808 8861 8956 9045 9095 9139 9160 9156 9085 8925 8808 8793 8916 9064 9091 9040 9026 9207 9304 9384 9477 9507 9609
10539 10468 10525 10601 10525 10369 10533 10756 10878 10823 10688 10330 10307 10506 10573 10601 10305 10193 10146 10156 10164 10085 10017 9881 9640 9224 8644 8793 9064 9121 9143 9137 9376 9676 9602 9432 9553 9700 9652 9629 9543 9452 9334 9106 8935 8744 8759 8600 8483 8286 8250 8342 8452 8434 8591 8629 8728 8840 8945 9035 9069 9072 9010 8797 8628 8666 8665 8869 9136 9098 8909 9035 9091 9217 9372 9508 9491
10477 10410 10431 10526 10479 10325 10697 10729 10807 10816 10779 10524 10342 10564 10677 10600 10535 10219 10041 10018 10100 10024 10001 9890 9761 9489 9241 9141 9274 9279 9342 9295 9461 9665 9808 9804 9731 9598 9525 9644 9653 9552 9465 9295 9135 8919 8816 8659 8560 8414 8244 8181 8220 8285 8317 8427 8522 8673 8743 8870 8929 9020 8984 8872 8654 8525 8588 8893 8918 8981 8851 8909 8901 9111 9224 9411 9453
10448 10385 10392 10474 10476 10418 10713 10531 10709 10771 10710 10605 10451 10530 10669 10547 10492 10457 10055 9952 10001 10013 9972 9876 9748 9680 9558 9439 9373 9335 9363 9363 9455 9546 9613 9752 9831 9601 9409 9405 9585 9609 9542 9373 9246 9097 9027 8853 8658 8497 8354 8134 8154 8137 8220 8231 8405 8425 8526 8624 8772 8876 8960 8753 8557 8300 8476 8767 8587 8824 8704 8728 8843 8940 9013 9406 9329
10457 10385 10338 10316 10278 10406 10451 10433 10653 10637 10720 10617 10541 10632 10624 10504 10246 10063 9998 9928 9986 10009 9983 9876 9780 9654 9611 9582 9550 9498 9462 9343 9451 9466 9678 9562 9524 9570 9690 9540 9442 9607 9579 9470 9360 9273 9248 9141 9068 8801 8556 8445 8351 8234 8123 8109 8179 8280 8362 8447 8515 8604 8772 8752 8519 8406 8165 8590 8517 8471 8474 8576 8539 8695 9089 9371 9283
10648 10397 10301 10352 10361 10238 10493 10610 10606 10636 10666 10715 10649 10666 10545 10529 10471 10291 10191 10041 9968 9996 10027 9952 9883 9772 9594 9545 9627 9660 9652 9655 9720 9712 9736 9552 9398 9364 9371 9480 9529 9456 9545 9474 9473 9320 9213 9034 9013 8835 8684 8591 8486 8413 8346 8195 8158 8152 8197 8264 8351 8475 8638 8758 8564 8483 8391 8409 8482 8243 8262 8529 8246 8499 9207 9222 8995
10588 10552 10564 10635 10429 10234 10496 10509 10579 10532 10618 10706 10591 10535 10486 10431 10428 10393 10165 10039 10070 9935 9923 9934 9905 9827 9679 9634 9532 9578 9670 9675 9501 9651 9710 9692 9542 9458 9320 9172 9226 9371 9447 9364 9353 9322 9188 9076 8962 8886 8791 8576 8433 8334 8283 8207 8185 8157 8098 8150 8271 8361 8518 8713 8654 8531 8521 8328 8380 8266 8035 8276 8266 8935 9069 8796 8613
10865 10669 10593 10515 10457 10280 10471 10522 10595 10567 10720 10595 10490 10441 10485 10446 10367 10374 10322 9945 10024 9959 9897 9933 9942 9865 9826 9729 9638 9559 9577 9550 9480 9452 9653 9684 9450 9287 9284 9279 9273 9263 9074 9100 9223 9197 9129 9035 8943 8865 8792 8726 8461 8278 8222 8144 8120 8104 8157 8204 8388 8415 8434 8575 8374 8441 8415 8176 8028 7959 7786 7997 8089 8864 8937 8120 7947
10764 10702 10610 10473 10383 10279 10431 10605 10709 10774 10586 10457 10388 10370 10411 10380 10300 10308 10277 10084 9916 9927 9915 9836 9882 9901 9773 9538 9523 9413 9544 9602 9533 9589 9635 9590 9694 9494 9328 9315 9354 9265 9234 9122 9122 9016 8953 8864 8749 8698 8636 8552 8577 8353 8256 8160 8111 8095 8097 8115 8231 8227 8241 8346 8340 8262 8445 7912 7739 7673 7578 7738 7916 8730 8824 7812 7750
10923 10804 10693 10565 10434 10496 10539 10682 10568 10478 10390 10344 10335 10271 10341 10265 10253 10221 10194 10172 9913 9871 9902 9845 9951 9670 9626 9739 9506 9433 9455 9506 9550 9424 9609 9669 9642 9631 9604 9484 9339 9302 9256 9201 9118 8922 8738 8575 8537 8453 8400 8394 8324 8380 8151 8112 8151 8053 8032 8030 8131 8166 8202 8242 8306 8179 8012 7923 7510 7530 7607 7687 7947 8784 8616 7896 8062
10859 10719 10462 10365 10516 10587 10598 10723 10463 10334 10265 10152 10156 10127 10231 10154 10144 10143 10125 9984 9919 9797 9861 9632 9754 9554 9522 9569 9585 9461 9455 9327 9312 9391 9554 9630 9669 9666 9639 9518 9403 9227 9168 9070 9077 8873 8514 8436 8475 8396 8271 8283 8220 8105 8211 8203 8064 7995 7876 7604 7725 7857 7697 7714 8271 8081 7580 7583 7644 7874 8044 8209 8407 8816 8270 7801 8312
10883 10607 10511 10599 10598 10625 10529 10542 10446 10274 10241 10142 10058 9973 10121 10109 10116 9902 10019 9808 9838 9788 9645 9583 9592 9549 9612 9553 9593 9511 9490 9392 9383 9406 9275 9316 9494 9549 9618 9611 9529 9332 9187 8921 8780 8860 8473 8325 8527 8357 8263 8146 8135 8006 7991 7961 8086 7991 8029 7989 7743 7573 7512 7778 7813 8095 7587 7562 7651 7738 7526 7698 7964 8257 8428 7916 8146
10943 10804 10640 10641 10649 10431 10410 10278 10155 10133 10135 10131 10024 9868 9904 9871 9930 9987 9733 9167 9548 9503 9447 9520 9578 9579 9591 9580 9598 9550 9499 9436 9366 9301 9213 9109 9220 9330 9344 9484 9531 9420 9341 9153 8675 8511 8357 8165 8440 8338 8080 7995 8014 7942 7877 7917 7967 7960 8000 8027 8038 8024 7730 7478 7829 7678 7524 7535 7472 7702 7551 7519 7939 8526 7886 7831 8115
11020 10938 10793 10662 10663 10432 10284 10159 10032 9969 9900 9891 9858 9591 9549 9732 9765 9779 9734 9399 9310 9108 9331 9458 9564 9610 9620 9567 9597 9544 9530 9500 9533 9393 9373 9166 9015 9272 8977 9056 9229 9308 9339 9124 8732 8753 8387 8225 8308 8032 7844 7846 7929 7915 7829 7900 7899 7890 7964 7998 7813 7540 7470 7547 7640 7653 7486 7695 7353 7535 7819 8066 8144 7747 7841 8033 8261
10963 10847 10833 10685 10707 10499 10288 10206 10039 9998 9816 9768 9525 9501 9472 9602 9629 9633 9509 9130 9051 8681 9049 9388 9550 9583 9639 9564 9581 9553 9602 9587 9601 9501 9400 9235 9063 9186 8817 8812 8850 8954 9118 9120 9040 8901 8695 8559 8483 8135 7923 7761 7821 7796 7615 7782 7575 7452 7707 7953 7797 7733 7473 7780 7754 7529 7646 7857 7412 7417 7450 7416 7492 7630 8021 8017 8242
11059 10900 10789 10654 10544 10428 10237 10250 10154 10047 9893 9844 9775 9479 9462 9724 9673 9748 9613 9160 9137 9015 9132 9444 9636 9633 9752 9629 9645 9593 9633 9613 9653 9555 9455 9324 9175 9312 9059 8749 8718 8733 8821 8913 8929 8572 8302 8393 8419 8152 8049 7829 7771 7878 7879 7838 7722 7685 7767 7823 7697 7353 7694 7869 7984 7949 7756 7568 7432 7594 7442 7569 7782 7865 8084 8214 8396
10893 10715 10789 10655 10512 10373 10246 10028 9805 9952 9668 9612 9851 9685 9465 9821 9983 9926 9927 9651 9555 9469 9482 9583 9676 9698 9882 9701 9670 9621 9621 9639 9649 9582 9528 9411 9314 9176 9090 8990 8742 8628 8541 8516 8811 8409 8378 8179 8245 8138 8053 7943 7900 7900 7875 7811 7830 7836 7785 7626 7407 7454 7537 7537 7700 7724 7356 7502 7554 7747 7552 7920 8186 7779 8201 8302 8505
